| Z ||NEQ||      XD     ||      YD     ||      ZD     |
   79    1   0.0000000000   0.0000000000   0.0000000000
   32    2  -2.8887999058   2.8887999058  -0.0083999997
   32    2   2.8887999058  -2.8887999058  -0.0083999997
   32    2   0.0083999997  -2.8887999058  -2.8887999058
   32    2   0.0083999997   2.8887999058   2.8887999058
   32    2  -0.0083999997  -2.8887999058   2.8887999058
   32    2  -0.0083999997   2.8887999058  -2.8887999058
   32    2  -2.8887999058  -2.8887999058   0.0083999997
   32    2   2.8887999058   2.8887999058   0.0083999997
   32    2  -2.8887999058  -0.0083999997   2.8887999058
   32    2   2.8887999058  -0.0083999997  -2.8887999058
   32    2  -2.8887999058   0.0083999997  -2.8887999058
   32    2   2.8887999058   0.0083999997   2.8887999058
   32    3  -5.7768998146   0.0000000000   0.0000000000
   32    3   5.7768998146   0.0000000000   0.0000000000
   32    3   0.0000000000  -5.7768998146   0.0000000000
   32    3   0.0000000000   5.7768998146   0.0000000000
   32    3   0.0000000000   0.0000000000  -5.7768998146
   32    3   0.0000000000   0.0000000000   5.7768998146
   32    4   1.4457999468   1.4457999468   1.4457999468
   32    4   1.4457999468  -1.4457999468  -1.4457999468
   32    4  -1.4457999468  -1.4457999468   1.4457999468
   32    4  -1.4457999468   1.4457999468  -1.4457999468
   32    5   4.3264999390  -1.4421000481   1.4421000481
   32    5  -1.4421000481   4.3264999390   1.4421000481
   32    5  -1.4421000481  -1.4421000481  -4.3264999390
   32    5  -4.3264999390  -1.4421000481  -1.4421000481
   32    5   1.4421000481   4.3264999390  -1.4421000481
   32    5   1.4421000481  -1.4421000481   4.3266000748
   32    5  -4.3264999390   1.4421000481   1.4421000481
   32    5   1.4421000481  -4.3264999390   1.4421000481
   32    5   1.4421000481   1.4421000481  -4.3264999390
   32    5   4.3264999390   1.4421000481  -1.4421000481
   32    5  -1.4421000481  -4.3264999390  -1.4421000481
   32    5  -1.4421000481   1.4421000481   4.3266000748
    1    6  -0.9010999799   6.6607999802  -0.8822000027
    1    6   0.8822000027   6.6607999802   0.9010999799
    1    7   2.3294000626   5.2080998421  -2.3405001163
    1    7  -2.3406000137   5.2080998421   2.3294000626
    1    8   3.7669999599   3.7760000229   0.9100999832
    1    8   0.9100000262   3.7760000229   3.7669999599
    1    8   3.7760000229   0.9100999832   3.7669999599
    1    7   5.2080998421  -2.3406000137   2.3294000626
    1    7   2.3294000626  -2.3406000137   5.2080998421
    1    7   2.3406000137  -5.2080998421   2.3294000626
    1    6   0.9010999799  -6.6607999802  -0.8822000027
    1    6  -0.8822000027  -6.6607999802   0.9010999799
    1    8  -0.9100999832   3.7760000229  -3.7669999599
    1    8  -3.7669999599   3.7760000229  -0.9100000262
    1    7  -5.2080998421   2.3406000137   2.3294000626
    1    7   2.3294000626   2.3406000137  -5.2080998421
    1    6   0.8822000027  -0.9010999799  -6.6607999802
    1    6  -0.9010999799   0.8822000027  -6.6607999802
    1    7  -2.3294000626  -2.3406000137  -5.2080998421
    1    8  -3.7669999599   0.9100999832  -3.7760000229
    1    8   0.9100000262  -3.7669999599  -3.7760000229
    1    7  -2.3294000626  -5.2080998421  -2.3405001163
    1    8  -3.7760000229  -3.7669999599   0.9100999832
    1    6  -6.6607999802   0.8822000027  -0.9010999799
    1    6  -6.6607999802  -0.9010999799   0.8822000027
    1    7  -5.2080998421  -2.3406000137  -2.3294000626
    1    7   5.2080998421   2.3406000137  -2.3294000626
    1    8   3.7760000229  -3.7669999599  -0.9100000262
    1    6  -0.8822000027  -0.9010999799   6.6607999802
    1    6   0.9010999799   0.8822000027   6.6607999802
    1    7  -2.3294000626   2.3406000137   5.2080998421
    1    8  -3.7760000229  -0.9100999832   3.7669999599
    1    8  -0.9100999832  -3.7669999599   3.7760000229
    1    8   3.7669999599  -0.9100999832  -3.7760000229
    1    6   6.6607999802   0.8822000027   0.9010999799
    1    6   6.6607999802  -0.9010999799  -0.8822000027
---------------------------------------------
|NEQ||  CHG   ||U/D||   RD   ||   VD   |    1
---------------------------------------------
    0     Unit     (0:angstrom  1:atomic)
    0     Spin     (0:non-spin  1:spin  )
    0     M.P.     (0:No        1:Yes   )
    0     Sample Point ( <100000, =0 autoset )

Deviation of Coordination Number :  .01 %
Deviation of Length from Center  :  .01 %
