 -73379.5039,  0.0000,  0.0000,  2.0000,
 -12310.5957,  0.0000, -0.0002,  2.0000,
 -11786.4780, -0.0002,  0.0000,  2.0000,
 -11747.6425, -0.0001,  0.0000,  2.0000,
 -11610.8600,  0.0000,  0.0000,  2.0000,
 -10812.9675,  0.0000,  0.0000,  2.0000,
 -10803.5703,  0.0000,  0.0000,  2.0000,
 -10803.2230,  0.0000,  0.0000,  2.0000,
 -10798.7699,  0.0000,  0.0000,  2.0000,
 -10798.5100,  0.0000,  0.0000,  2.0000,
 -10797.4913,  0.0000,  0.0000,  2.0000,
 -10797.2809,  0.0000,  0.0000,  2.0000,
 -10796.9883,  0.0000,  0.0000,  2.0000,
 -10795.7654,  0.0000,  0.0000,  2.0000,
 -10795.6095,  0.0000,  0.0000,  2.0000,
 -10794.9488,  0.0000,  0.0000,  2.0000,
 -10794.9285,  0.0000,  0.0000,  2.0000,
 -10794.3907,  0.0000,  0.0000,  2.0000,
 -10793.9024,  0.0000,  0.0000,  2.0000,
 -10792.9754,  0.0000,  0.0000,  2.0000,
 -10792.7041,  0.0000,  0.0000,  2.0000,
 -10792.1700,  0.0000,  0.0000,  2.0000,
 -10791.2476,  0.0000,  0.0000,  2.0000,
 -10791.2050,  0.0000,  0.0000,  2.0000,
 -10791.1683,  0.0000,  0.0000,  2.0000,
 -10790.6710,  0.0000,  0.0000,  2.0000,
 -10790.4260,  0.0000,  0.0000,  2.0000,
 -10790.4114,  0.0000,  0.0000,  2.0000,
 -10790.3323,  0.0000,  0.0000,  2.0000,
 -10790.2264,  0.0000,  0.0000,  2.0000,
 -10790.1311,  0.0000,  0.0000,  2.0000,
 -10790.0663,  0.0000,  0.0000,  2.0000,
 -10789.8408,  0.0000,  0.0000,  2.0000,
 -10789.4933,  0.0000,  0.0000,  2.0000,
 -10788.0163,  0.0000,  0.0000,  2.0000,
 -10787.9777,  0.0000,  0.0000,  2.0000,
 -10787.7303,  0.0000,  0.0000,  2.0000,
 -10787.3129,  0.0000,  0.0000,  2.0000,
 -10787.1685,  0.0000,  0.0000,  2.0000,
  -2845.9702, -0.0006,  0.0000,  2.0000,
  -2635.8654, -0.0013,  0.0000,  2.0000,
  -2598.8304, -0.0004, -0.0001,  2.0000,
  -2527.2905, -0.0003,  0.0000,  2.0000,
  -2222.4312, -0.0004, -0.0001,  2.0000,
  -2210.3031, -0.0003, -0.0002,  2.0000,
  -2207.4878, -0.0005,  0.0000,  2.0000,
  -2194.4603, -0.0002,  0.0000,  2.0000,
  -2118.3787, -0.0009, -0.0002,  2.0000,
  -1331.8383,  0.0000,  0.0000,  2.0000,
  -1331.7871,  0.0000,  0.0000,  2.0000,
  -1331.7405,  0.0000,  0.0000,  2.0000,
  -1331.6267,  0.0000,  0.0000,  2.0000,
  -1331.5991,  0.0000,  0.0000,  2.0000,
  -1331.4843,  0.0000,  0.0000,  2.0000,
  -1331.4769,  0.0000,  0.0000,  2.0000,
  -1331.4579,  0.0000,  0.0000,  2.0000,
  -1331.3452,  0.0000,  0.0000,  2.0000,
  -1331.2944,  0.0000,  0.0000,  2.0000,
  -1331.2705,  0.0000,  0.0000,  2.0000,
  -1331.2319,  0.0000,  0.0000,  2.0000,
  -1331.2084,  0.0000,  0.0000,  2.0000,
  -1331.2005,  0.0000,  0.0000,  2.0000,
  -1331.1998,  0.0000,  0.0000,  2.0000,
  -1331.1694,  0.0000,  0.0000,  2.0000,
  -1331.1110,  0.0000,  0.0000,  2.0000,
  -1331.0873,  0.0000,  0.0000,  2.0000,
  -1331.0544,  0.0000,  0.0000,  2.0000,
  -1331.0516,  0.0000,  0.0000,  2.0000,
  -1331.0451,  0.0000,  0.0000,  2.0000,
  -1331.0157,  0.0000,  0.0000,  2.0000,
  -1331.0102,  0.0000,  0.0000,  2.0000,
  -1330.8916,  0.0000,  0.0000,  2.0000,
  -1330.8845,  0.0000,  0.0000,  2.0000,
  -1330.8794,  0.0000,  0.0000,  2.0000,
  -1330.8107,  0.0000,  0.0000,  2.0000,
  -1330.8037,  0.0000,  0.0000,  2.0000,
  -1330.7939,  0.0000,  0.0000,  2.0000,
  -1330.7315,  0.0000,  0.0000,  2.0000,
  -1330.7039,  0.0000,  0.0000,  2.0000,
  -1330.6604,  0.0000,  0.0000,  2.0000,
  -1330.6421,  0.0000,  0.0000,  2.0000,
  -1330.6337,  0.0000,  0.0000,  2.0000,
  -1187.0227,  0.0000,  0.0000,  2.0000,
  -1186.8285,  0.0000,  0.0000,  2.0000,
  -1186.7645,  0.0000,  0.0000,  2.0000,
  -1186.6961,  0.0000,  0.0000,  2.0000,
  -1186.6695,  0.0000,  0.0000,  2.0000,
  -1186.6656,  0.0000,  0.0000,  2.0000,
  -1186.5370,  0.0000,  0.0000,  2.0000,
  -1186.5212,  0.0000,  0.0000,  2.0000,
  -1186.5099,  0.0000,  0.0000,  2.0000,
  -1186.5068,  0.0000,  0.0000,  2.0000,
  -1186.4936,  0.0000,  0.0000,  2.0000,
  -1186.4877,  0.0000,  0.0000,  2.0000,
  -1186.4788,  0.0000,  0.0000,  2.0000,
  -1186.4741,  0.0000,  0.0000,  2.0000,
  -1186.4650,  0.0000,  0.0000,  2.0000,
  -1186.4199,  0.0000,  0.0000,  2.0000,
  -1186.4051,  0.0000,  0.0000,  2.0000,
  -1186.3662,  0.0000,  0.0000,  2.0000,
  -1186.3656,  0.0000,  0.0000,  2.0000,
  -1186.3643,  0.0000,  0.0000,  2.0000,
  -1186.3500,  0.0000,  0.0000,  2.0000,
  -1186.3446,  0.0000,  0.0000,  2.0000,
  -1186.3418,  0.0000,  0.0000,  2.0000,
  -1186.3318,  0.0000,  0.0000,  2.0000,
  -1186.3271,  0.0000,  0.0000,  2.0000,
  -1186.3181,  0.0000,  0.0000,  2.0000,
  -1186.2927,  0.0000,  0.0000,  2.0000,
  -1186.2733,  0.0000,  0.0000,  2.0000,
  -1186.2620,  0.0000,  0.0000,  2.0000,
  -1186.2609,  0.0000,  0.0000,  2.0000,
  -1186.2501,  0.0000,  0.0000,  2.0000,
  -1186.2423,  0.0000,  0.0000,  2.0000,
  -1186.2345,  0.0000,  0.0000,  2.0000,
  -1186.2269,  0.0000,  0.0000,  2.0000,
  -1186.2154,  0.0000,  0.0000,  2.0000,
  -1186.2096,  0.0000,  0.0000,  2.0000,
  -1186.1952,  0.0000,  0.0000,  2.0000,
  -1186.1806,  0.0000,  0.0000,  2.0000,
  -1186.1743,  0.0000,  0.0000,  2.0000,
  -1186.1640,  0.0000,  0.0000,  2.0000,
  -1186.1635,  0.0000,  0.0000,  2.0000,
  -1186.1503,  0.0000,  0.0000,  2.0000,
  -1186.1428,  0.0000,  0.0000,  2.0000,
  -1186.1423,  0.0000,  0.0000,  2.0000,
  -1186.1296,  0.0000,  0.0000,  2.0000,
  -1186.1270,  0.0000,  0.0000,  2.0000,
  -1186.1195,  0.0000,  0.0000,  2.0000,
  -1186.1180,  0.0000,  0.0000,  2.0000,
  -1186.1161,  0.0000,  0.0000,  2.0000,
  -1186.1043,  0.0000,  0.0000,  2.0000,
  -1186.0905,  0.0000,  0.0000,  2.0000,
  -1186.0858,  0.0000,  0.0000,  2.0000,
  -1186.0841,  0.0000,  0.0000,  2.0000,
  -1186.0818,  0.0000,  0.0000,  2.0000,
  -1186.0786,  0.0000,  0.0000,  2.0000,
  -1186.0732,  0.0000,  0.0000,  2.0000,
  -1186.0721,  0.0000,  0.0000,  2.0000,
  -1186.0665,  0.0000,  0.0000,  2.0000,
  -1186.0460,  0.0000,  0.0000,  2.0000,
  -1186.0305,  0.0000,  0.0000,  2.0000,
  -1186.0211,  0.0000,  0.0000,  2.0000,
  -1186.0107,  0.0000,  0.0000,  2.0000,
  -1185.9963,  0.0000,  0.0000,  2.0000,
  -1185.9858,  0.0000,  0.0000,  2.0000,
  -1185.9835,  0.0000,  0.0000,  2.0000,
  -1185.9833,  0.0000,  0.0000,  2.0000,
  -1185.9259,  0.0000,  0.0000,  2.0000,
  -1185.9107,  0.0000,  0.0000,  2.0000,
  -1185.8649,  0.0000,  0.0000,  2.0000,
  -1185.8553,  0.0000,  0.0000,  2.0000,
  -1185.3216,  0.0000,  0.0000,  2.0000,
  -1185.2402,  0.0000,  0.0000,  2.0000,
  -1185.2011,  0.0000,  0.0000,  2.0000,
  -1183.8524,  0.0000,  0.0000,  2.0000,
  -1183.6409,  0.0000,  0.0000,  2.0000,
  -1183.4910,  0.0000,  0.0000,  2.0000,
  -1183.2337,  0.0000,  0.0000,  2.0000,
  -1183.1530,  0.0000,  0.0000,  2.0000,
  -1183.1496,  0.0000,  0.0000,  2.0000,
  -1183.0793,  0.0000,  0.0000,  2.0000,
  -1183.0108,  0.0000,  0.0000,  2.0000,
  -1182.9907,  0.0000,  0.0000,  2.0000,
  -1182.8735,  0.0000,  0.0000,  2.0000,
  -1182.5078,  0.0000,  0.0000,  2.0000,
  -1182.1912,  0.0000,  0.0000,  2.0000,
  -1181.4434,  0.0000,  0.0000,  2.0000,
  -1181.2358,  0.0000,  0.0000,  2.0000,
  -1180.8214,  0.0000,  0.0000,  2.0000,
  -1180.3048,  0.0000,  0.0000,  2.0000,
  -1180.0003,  0.0000,  0.0000,  2.0000,
  -1179.7617,  0.0000,  0.0000,  2.0000,
  -1179.3256,  0.0000,  0.0000,  2.0000,
  -1178.9124,  0.0000,  0.0000,  2.0000,
  -1178.2357,  0.0000,  0.0000,  2.0000,
  -1177.8825,  0.0000,  0.0000,  2.0000,
  -1177.4442,  0.0000,  0.0000,  2.0000,
  -1177.3027,  0.0000,  0.0000,  2.0000,
  -1176.6519,  0.0000,  0.0000,  2.0000,
  -1176.2899,  0.0000,  0.0000,  2.0000,
  -1172.2582,  0.0000,  0.0000,  2.0000,
  -1171.7295,  0.0000,  0.0000,  2.0000,
  -1164.1706,  0.0000,  0.0000,  2.0000,
   -596.3091, -0.0016,  0.0000,  2.0000,
   -505.4524, -0.0035, -0.0001,  2.0000,
   -490.8862, -0.0048, -0.0001,  2.0000,
   -472.8251, -0.0058,  0.0001,  2.0000,
   -328.3094, -0.0085, -0.0001,  2.0000,
   -325.1806, -0.0032, -0.0002,  2.0000,
   -323.3986, -0.0068, -0.0001,  2.0000,
   -320.6090, -0.0053, -0.0003,  2.0000,
   -298.6426, -0.0088,  0.0011,  2.0000,
   -156.7108,  0.0000,  0.0000,  2.0000,
   -156.6857,  0.0000,  0.0000,  2.0000,
   -156.6762,  0.0000,  0.0000,  2.0000,
   -156.6417,  0.0000,  0.0000,  2.0000,
   -156.6318,  0.0000,  0.0000,  2.0000,
   -156.6269,  0.0000,  0.0000,  2.0000,
   -156.6249,  0.0000,  0.0000,  2.0000,
   -156.6171,  0.0000,  0.0000,  2.0000,
   -156.6017,  0.0000,  0.0000,  2.0000,
   -156.5864,  0.0000,  0.0000,  2.0000,
   -156.5857,  0.0000,  0.0000,  2.0000,
   -156.5641,  0.0000,  0.0000,  2.0000,
   -156.5636,  0.0000,  0.0000,  2.0000,
   -156.5629,  0.0000,  0.0000,  2.0000,
   -156.5597,  0.0000,  0.0000,  2.0000,
   -156.5597,  0.0000,  0.0000,  2.0000,
   -156.5582,  0.0000,  0.0000,  2.0000,
   -156.5542,  0.0000,  0.0000,  2.0000,
   -156.5514,  0.0000,  0.0000,  2.0000,
   -156.5495,  0.0000,  0.0000,  2.0000,
   -156.5134,  0.0000,  0.0000,  2.0000,
   -156.5003,  0.0000,  0.0000,  2.0000,
   -156.4831,  0.0000,  0.0000,  2.0000,
   -156.4787,  0.0000,  0.0000,  2.0000,
   -156.4508,  0.0000,  0.0000,  2.0000,
   -156.4471,  0.0000,  0.0000,  2.0000,
   -156.4446,  0.0000,  0.0000,  2.0000,
   -156.4334,  0.0000,  0.0000,  2.0000,
   -156.4321,  0.0000,  0.0000,  2.0000,
   -156.4226,  0.0000,  0.0000,  2.0000,
   -156.3700,  0.0000,  0.0000,  2.0000,
   -156.3530,  0.0000,  0.0000,  2.0000,
   -156.3217,  0.0000,  0.0000,  2.0000,
   -156.0817,  0.0000,  0.0000,  2.0000,
   -108.6719,  0.0000,  0.0000,  2.0000,
   -108.6514,  0.0000,  0.0000,  2.0000,
   -108.6386,  0.0000,  0.0000,  2.0000,
   -108.6258,  0.0000,  0.0000,  2.0000,
   -108.6228,  0.0000,  0.0000,  2.0000,
   -108.6049,  0.0000,  0.0000,  2.0000,
   -108.6025,  0.0000,  0.0000,  2.0000,
   -108.5967,  0.0000,  0.0000,  2.0000,
   -108.5963,  0.0000,  0.0000,  2.0000,
   -108.5915,  0.0000,  0.0000,  2.0000,
   -108.5714,  0.0000,  0.0000,  2.0000,
   -108.5714,  0.0000,  0.0000,  2.0000,
   -108.5624,  0.0000,  0.0000,  2.0000,
   -108.5566,  0.0000,  0.0000,  2.0000,
   -108.5460,  0.0000,  0.0000,  2.0000,
   -108.5451,  0.0000,  0.0000,  2.0000,
   -108.5447,  0.0000,  0.0000,  2.0000,
   -108.5433,  0.0000,  0.0000,  2.0000,
   -108.5429,  0.0000,  0.0000,  2.0000,
   -108.5418,  0.0000,  0.0000,  2.0000,
   -108.5333,  0.0000,  0.0000,  2.0000,
   -108.5164,  0.0000,  0.0000,  2.0000,
   -108.5150,  0.0000,  0.0000,  2.0000,
   -108.5138,  0.0000,  0.0000,  2.0000,
   -108.5124,  0.0000,  0.0000,  2.0000,
   -108.5113,  0.0000,  0.0000,  2.0000,
   -108.5076,  0.0000,  0.0000,  2.0000,
   -108.5066,  0.0000,  0.0000,  2.0000,
   -108.4954,  0.0000,  0.0000,  2.0000,
   -108.4905,  0.0000,  0.0000,  2.0000,
   -108.4899,  0.0000,  0.0000,  2.0000,
   -108.4890,  0.0000,  0.0000,  2.0000,
   -108.4860,  0.0000,  0.0000,  2.0000,
   -108.4828,  0.0000,  0.0000,  2.0000,
   -108.4809,  0.0000,  0.0000,  2.0000,
   -108.4628,  0.0000,  0.0000,  2.0000,
   -108.4521,  0.0000,  0.0000,  2.0000,
   -108.4469,  0.0000,  0.0000,  2.0000,
   -108.4465,  0.0000,  0.0000,  2.0000,
   -108.4414,  0.0000,  0.0000,  2.0000,
   -108.4407,  0.0000,  0.0000,  2.0000,
   -108.4352,  0.0000,  0.0000,  2.0000,
   -108.4343,  0.0000,  0.0000,  2.0000,
   -108.4343,  0.0000,  0.0000,  2.0000,
   -108.4285,  0.0000,  0.0000,  2.0000,
   -108.4226,  0.0000,  0.0000,  2.0000,
   -108.4085,  0.0000,  0.0000,  2.0000,
   -108.4061,  0.0000,  0.0000,  2.0000,
   -108.4041,  0.0000,  0.0000,  2.0000,
   -108.3786,  0.0000,  0.0000,  2.0000,
   -108.3645,  0.0000,  0.0000,  2.0000,
   -108.3630,  0.0000,  0.0000,  2.0000,
   -108.3624,  0.0000,  0.0000,  2.0000,
   -108.3588,  0.0000,  0.0000,  2.0000,
   -108.3519,  0.0000,  0.0000,  2.0000,
   -108.3484,  0.0000,  0.0000,  2.0000,
   -108.3314,  0.0000,  0.0000,  2.0000,
   -108.3242,  0.0000,  0.0000,  2.0000,
   -108.3011,  0.0000,  0.0000,  2.0000,
   -108.2407,  0.0000,  0.0000,  2.0000,
   -108.2372,  0.0000,  0.0000,  2.0000,
   -108.2330,  0.0000,  0.0000,  2.0000,
   -108.2235,  0.0000,  0.0000,  2.0000,
   -108.2059,  0.0000,  0.0000,  2.0000,
   -108.1946,  0.0000,  0.0000,  2.0000,
   -108.1692,  0.0000,  0.0000,  2.0000,
   -108.1663,  0.0000,  0.0000,  2.0000,
   -108.1395,  0.0000,  0.0000,  2.0000,
   -108.1274,  0.0000,  0.0000,  2.0000,
   -108.1202,  0.0000,  0.0000,  2.0000,
   -108.0935,  0.0000,  0.0000,  2.0000,
   -108.0773,  0.0000,  0.0000,  2.0000,
   -108.0085,  0.0000,  0.0000,  2.0000,
   -107.9950,  0.0000,  0.0000,  2.0000,
   -107.9904,  0.0000,  0.0000,  2.0000,
   -107.9778,  0.0000,  0.0000,  2.0000,
   -107.9705,  0.0000,  0.0000,  2.0000,
   -107.9679,  0.0000,  0.0000,  2.0000,
   -107.9433,  0.0000,  0.0000,  2.0000,
   -107.9010,  0.0000,  0.0000,  2.0000,
   -107.8543,  0.0000,  0.0000,  2.0000,
   -107.8514,  0.0000,  0.0000,  2.0000,
   -107.8343,  0.0000,  0.0000,  2.0000,
   -107.8162,  0.0000,  0.0000,  2.0000,
   -107.7867,  0.0000,  0.0000,  2.0000,
   -107.6717,  0.0000,  0.0000,  2.0000,
   -107.6645,  0.0000,  0.0000,  2.0000,
   -107.6256,  0.0000,  0.0000,  2.0000,
   -107.4040,  0.0000,  0.0000,  2.0000,
   -107.3534,  0.0000,  0.0000,  2.0000,
   -107.2773,  0.0000,  0.0000,  2.0000,
   -107.2383,  0.0000,  0.0000,  2.0000,
   -107.1599,  0.0000,  0.0000,  2.0000,
   -107.0047,  0.0000,  0.0000,  2.0000,
   -106.9835,  0.0000,  0.0000,  2.0000,
   -106.8282,  0.0000,  0.0000,  2.0000,
   -106.7748,  0.0000,  0.0000,  2.0000,
   -106.6852,  0.0000,  0.0000,  2.0000,
   -106.3577,  0.0000,  0.0000,  2.0000,
   -106.3180,  0.0000,  0.0000,  2.0000,
   -106.3135,  0.0000,  0.0000,  2.0000,
   -104.8106,  0.0000,  0.0000,  2.0000,
    -92.8867,  1.0019, -0.0001,  2.0000,
    -92.0909,  1.0031, -0.0004,  2.0000,
    -91.2810,  1.0022,  0.0001,  2.0000,
    -90.2562,  1.0091, -0.0007,  2.0000,
    -87.8398,  1.0049, -0.0002,  2.0000,
    -87.1031,  1.0024, -0.0001,  2.0000,
    -84.6230,  0.9888,  0.0000,  2.0000,
    -81.8841,  0.0303,  0.0000,  2.0000,
    -52.6603, -0.0003,  0.0000,  2.0000,
    -49.4460,  0.0056,  0.0005,  2.0000,
    -45.2465,  0.0066,  0.0091,  2.0000,
    -24.9210,  0.0000,  0.0000,  2.0000,
    -24.8950,  0.0000,  0.0000,  2.0000,
    -24.8850,  0.0000,  0.0000,  2.0000,
    -24.8741,  0.0000,  0.0000,  2.0000,
    -24.8678,  0.0000,  0.0000,  2.0000,
    -24.8638,  0.0000,  0.0000,  2.0000,
    -24.8625,  0.0000,  0.0000,  2.0000,
    -24.8608,  0.0000,  0.0000,  2.0000,
    -24.8582,  0.0000,  0.0000,  2.0000,
    -24.8575,  0.0000,  0.0000,  2.0000,
    -24.8531,  0.0000,  0.0000,  2.0000,
    -24.8510,  0.0000,  0.0000,  2.0000,
    -24.8462,  0.0000,  0.0000,  2.0000,
    -24.8432,  0.0000,  0.0000,  2.0000,
    -24.8397,  0.0000,  0.0000,  2.0000,
    -24.8372,  0.0000,  0.0000,  2.0000,
    -24.8328,  0.0000,  0.0000,  2.0000,
    -24.8267,  0.0000,  0.0000,  2.0000,
    -24.8219,  0.0000,  0.0000,  2.0000,
    -24.8201,  0.0000,  0.0000,  2.0000,
    -24.8157,  0.0000,  0.0000,  2.0000,
    -24.8141,  0.0000,  0.0000,  2.0000,
    -24.8113,  0.0000,  0.0000,  2.0000,
    -24.8087,  0.0000,  0.0001,  2.0000,
    -24.8060,  0.0000,  0.0000,  2.0000,
    -24.8041,  0.0000,  0.0000,  2.0000,
    -24.8033,  0.0000,  0.0000,  2.0000,
    -24.8003,  0.0000,  0.0000,  2.0000,
    -24.7986,  0.0000,  0.0000,  2.0000,
    -24.7972,  0.0000,  0.0000,  2.0000,
    -24.7968,  0.0000,  0.0000,  2.0000,
    -24.7950,  0.0000,  0.0000,  2.0000,
    -24.7929,  0.0000,  0.0000,  2.0000,
    -24.7912,  0.0000,  0.0000,  2.0000,
    -24.7867,  0.0000,  0.0000,  2.0000,
    -24.7847,  0.0000,  0.0000,  2.0000,
    -24.7835,  0.0000,  0.0000,  2.0000,
    -24.7808,  0.0000,  0.0000,  2.0000,
    -24.7798,  0.0000,  0.0000,  2.0000,
    -24.7774,  0.0000,  0.0000,  2.0000,
    -24.7756,  0.0000,  0.0000,  2.0000,
    -24.7732,  0.0000,  0.0000,  2.0000,
    -24.7728,  0.0000,  0.0000,  2.0000,
    -24.7690,  0.0000,  0.0000,  2.0000,
    -24.7680,  0.0000,  0.0000,  2.0000,
    -24.7625,  0.0000,  0.0000,  2.0000,
    -24.7596,  0.0000,  0.0000,  2.0000,
    -24.7565,  0.0000,  0.0000,  2.0000,
    -24.7556,  0.0000,  0.0000,  2.0000,
    -24.7527,  0.0000,  0.0000,  2.0000,
    -24.7491,  0.0000,  0.0000,  2.0000,
    -24.7484,  0.0000,  0.0000,  2.0000,
    -24.7463,  0.0000,  0.0000,  2.0000,
    -24.7420,  0.0000,  0.0000,  2.0000,
    -24.7403,  0.0000,  0.0000,  2.0000,
    -24.7350,  0.0000,  0.0001,  2.0000,
    -24.7321,  0.0000,  0.0000,  2.0000,
    -24.7304,  0.0000,  0.0000,  2.0000,
    -24.7298,  0.0000,  0.0000,  2.0000,
    -24.7285,  0.0000,  0.0000,  2.0000,
    -24.7251,  0.0000,  0.0000,  2.0000,
    -24.7209,  0.0000,  0.0000,  2.0000,
    -24.7191,  0.0000,  0.0000,  2.0000,
    -24.7145,  0.0000,  0.0000,  2.0000,
    -24.7118,  0.0000,  0.0000,  2.0000,
    -24.7108,  0.0000,  0.0000,  2.0000,
    -24.7059,  0.0000,  0.0000,  2.0000,
    -24.7044,  0.0000,  0.0000,  2.0000,
    -24.7018,  0.0000,  0.0000,  2.0000,
    -24.6994,  0.0000,  0.0000,  2.0000,
    -24.6959,  0.0000,  0.0000,  2.0000,
    -24.6942,  0.0000,  0.0000,  2.0000,
    -24.6911,  0.0000,  0.0000,  2.0000,
    -24.6893,  0.0000,  0.0001,  2.0000,
    -24.6836,  0.0000,  0.0000,  2.0000,
    -24.6798,  0.0000,  0.0000,  2.0000,
    -24.6769,  0.0000,  0.0000,  2.0000,
    -24.6737,  0.0000,  0.0000,  2.0000,
    -24.6714,  0.0000,  0.0000,  2.0000,
    -24.6691,  0.0000,  0.0000,  2.0000,
    -24.6660,  0.0000,  0.0000,  2.0000,
    -24.6632,  0.0000,  0.0000,  2.0000,
    -24.6567,  0.0000,  0.0000,  2.0000,
    -24.6551,  0.0000,  0.0000,  2.0000,
    -24.6526,  0.0000,  0.0000,  2.0000,
    -24.6494,  0.0000,  0.0000,  2.0000,
    -24.6445,  0.0000,  0.0000,  2.0000,
    -24.6422,  0.0000,  0.0000,  2.0000,
    -24.6399,  0.0000,  0.0000,  2.0000,
    -24.6389,  0.0000,  0.0000,  2.0000,
    -24.6317,  0.0000,  0.0000,  2.0000,
    -24.6265,  0.0000,  0.0000,  2.0000,
    -24.6224,  0.0000,  0.0000,  2.0000,
    -24.6203,  0.0000,  0.0000,  2.0000,
    -24.6167,  0.0000,  0.0000,  2.0000,
    -24.6147,  0.0000,  0.0000,  2.0000,
    -24.6130,  0.0000,  0.0000,  2.0000,
    -24.6111,  0.0000,  0.0000,  2.0000,
    -24.6044,  0.0000,  0.0000,  2.0000,
    -24.6028,  0.0000,  0.0000,  2.0000,
    -24.6015,  0.0000,  0.0000,  2.0000,
    -24.5934,  0.0000,  0.0000,  2.0000,
    -24.5898,  0.0000,  0.0000,  2.0000,
    -24.5861,  0.0000,  0.0000,  2.0000,
    -24.5819,  0.0000,  0.0000,  2.0000,
    -24.5726,  0.0000,  0.0000,  2.0000,
    -24.5682,  0.0000,  0.0000,  2.0000,
    -24.5655,  0.0000,  0.0000,  2.0000,
    -24.5632,  0.0000,  0.0000,  2.0000,
    -24.5616,  0.0000,  0.0000,  2.0000,
    -24.5609,  0.0000,  0.0000,  2.0000,
    -24.5570,  0.0000,  0.0000,  2.0000,
    -24.5533,  0.0000,  0.0001,  2.0000,
    -24.5486,  0.0000,  0.0000,  2.0000,
    -24.5432,  0.0000,  0.0000,  2.0000,
    -24.5385,  0.0000,  0.0000,  2.0000,
    -24.5296,  0.0000,  0.0000,  2.0000,
    -24.5192,  0.0000,  0.0000,  2.0000,
    -24.5183,  0.0000,  0.0000,  2.0000,
    -24.5128,  0.0000,  0.0000,  2.0000,
    -24.5074,  0.0000,  0.0000,  2.0000,
    -24.5049,  0.0000,  0.0000,  2.0000,
    -24.5000,  0.0000,  0.0000,  2.0000,
    -24.4952,  0.0000,  0.0000,  2.0000,
    -24.4927,  0.0000,  0.0000,  2.0000,
    -24.4891,  0.0000,  0.0000,  2.0000,
    -24.4807,  0.0000,  0.0000,  2.0000,
    -24.4784,  0.0000,  0.0000,  2.0000,
    -24.4774,  0.0000,  0.0000,  2.0000,
    -24.4752,  0.0000,  0.0000,  2.0000,
    -24.4722,  0.0000,  0.0000,  2.0000,
    -24.4572,  0.0000,  0.0000,  2.0000,
    -24.4455,  0.0000,  0.0000,  2.0000,
    -24.4444,  0.0000,  0.0000,  2.0000,
    -24.4279,  0.0000,  0.0000,  2.0000,
    -24.4136,  0.0000,  0.0000,  2.0000,
    -24.4065,  0.0000,  0.0000,  2.0000,
    -24.4050,  0.0000,  0.0000,  2.0000,
    -24.3997,  0.0000,  0.0000,  2.0000,
    -24.3984,  0.0000,  0.0000,  2.0000,
    -24.3945,  0.0000,  0.0000,  2.0000,
    -24.3884,  0.0000,  0.0000,  2.0000,
    -24.3785,  0.0000,  0.0000,  2.0000,
    -24.3755,  0.0000,  0.0000,  2.0000,
    -24.3700,  0.0000,  0.0000,  2.0000,
    -24.3640,  0.0000,  0.0000,  2.0000,
    -24.3547,  0.0000,  0.0000,  2.0000,
    -24.3460,  0.0000,  0.0000,  2.0000,
    -24.3369,  0.0000,  0.0001,  2.0000,
    -24.3316,  0.0000,  0.0000,  2.0000,
    -24.3294,  0.0000,  0.0001,  2.0000,
    -24.3036,  0.0000,  0.0000,  2.0000,
    -24.2985,  0.0000,  0.0001,  2.0000,
    -24.2866,  0.0000,  0.0000,  2.0000,
    -24.2757,  0.0000,  0.0000,  2.0000,
    -24.2594,  0.0000,  0.0000,  2.0000,
    -24.2002,  0.0000,  0.0000,  2.0000,
    -24.1582,  0.0000,  0.0000,  2.0000,
    -24.1441,  0.0000,  0.0000,  2.0000,
    -24.1173,  0.0000,  0.0000,  2.0000,
    -24.1145,  0.0000,  0.0000,  2.0000,
    -24.1098,  0.0000,  0.0000,  2.0000,
    -24.0906,  0.0000,  0.0000,  2.0000,
    -24.0780,  0.0000,  0.0001,  2.0000,
    -24.0690,  0.0000,  0.0000,  2.0000,
    -24.0448,  0.0000,  0.0000,  2.0000,
    -24.0015,  0.0000,  0.0000,  2.0000,
    -23.9834,  0.0000,  0.0000,  2.0000,
    -23.9668,  0.0000,  0.0000,  2.0000,
    -23.8718,  0.0000,  0.0000,  2.0000,
    -11.7957,  0.0000,  0.0000,  2.0000,
    -11.4305,  0.0000,  0.0017,  2.0000,
    -11.4124,  0.0000,  0.0015,  2.0000,
    -11.4027,  0.0000,  0.0012,  2.0000,
    -10.9332,  0.0000,  0.0003,  2.0000,
    -10.9219,  0.0000,  0.0003,  2.0000,
    -10.7616,  0.0000,  0.0078,  2.0000,
    -10.7432,  0.0000,  0.0078,  2.0000,
    -10.7220,  0.0000,  0.0027,  2.0000,
    -10.2897,  0.0000,  0.0079,  2.0000,
    -10.2686,  0.0000,  0.0050,  2.0000,
    -10.2664,  0.0000,  0.0045,  2.0000,
    -10.2005,  0.0000,  0.0004,  2.0000,
    -10.1507,  0.0000,  0.0001,  2.0000,
    -10.1423,  0.0000,  0.0000,  2.0000,
    -10.1394,  0.0000,  0.0000,  2.0000,
     -9.4989,  0.0000,  0.0020,  2.0000,
     -9.4842,  0.0000,  0.0021,  2.0000,
     -8.8336,  0.0000,  0.0005,  2.0000,
     -8.5910,  0.0000,  0.0341,  2.0000,
     -8.5734,  0.0000,  0.0230,  2.0000,
     -8.5565,  0.0000,  0.0050,  2.0000,
     -8.5369,  0.0000,  0.0025,  2.0000,
     -8.5206,  0.0000,  0.0006,  2.0000,
     -8.5085,  0.0000,  0.0002,  2.0000,
     -7.9372,  0.0000,  0.0020,  2.0000,
     -7.9280,  0.0000,  0.0017,  2.0000,
     -7.8889,  0.0000,  0.0481,  2.0000,
     -7.8352,  0.0000,  0.0335,  2.0000,
     -7.8045,  0.0000,  0.0053,  2.0000,
     -7.3375, -0.0001,  0.1767,  2.0000,
     -7.2481, -0.0001,  0.1628,  2.0000,
     -7.0678,  0.0000,  0.0427,  2.0000,
     -6.9371,  0.0000,  0.0087,  2.0000,
     -6.3514, -0.0003,  0.8283,  2.0000,
     -6.0924, -0.0002,  0.8466,  2.0000,
     -5.8499, -0.0003,  0.6002,  2.0000,
     -5.6451, -0.0002,  0.6366,  2.0000,
     -5.0486,  0.0000,  0.0326,  2.0000,
     -4.9545,  0.0000,  0.0335,  2.0000,
     -4.9234,  0.0000,  0.0407,  2.0000,
     -4.9137,  0.0000,  0.0097,  2.0000,
     -4.8562,  0.0000,  0.0048,  2.0000,
     -4.8366,  0.0000,  0.0172,  2.0000,
     -4.8197,  0.0000,  0.0316,  2.0000,
     -4.8129,  0.0000,  0.0337,  2.0000,
     -4.7971,  0.0000,  0.0166,  2.0000,
     -4.7611,  0.0000,  0.0022,  2.0000,
     -4.7264,  0.0000,  0.0030,  2.0000,
     -4.7104,  0.0000,  0.0016,  2.0000,
     -4.5825,  0.0000,  0.0002,  2.0000,
     -4.5718,  0.0000,  0.0007,  2.0000,
     -4.5445,  0.0000,  0.0003,  2.0000,
     -4.3594,  0.0000,  0.0002,  2.0000,
     -4.3417,  0.0000,  0.0002,  2.0000,
     -4.3241,  0.0000,  0.0001,  2.0000,
     -4.0987,  0.0000,  0.0026,  2.0000,
     -3.9160,  0.0000,  0.0512,  2.0000,
     -3.8772,  0.0000,  0.0162,  2.0000,
     -3.8241,  0.0001,  0.1259,  2.0000,
     -3.8088,  0.0000,  0.0155,  2.0000,
     -3.7757,  0.0000,  0.0037,  2.0000,
     -3.7236,  0.0000,  0.0041,  2.0000,
     -3.6944,  0.0000,  0.0001,  2.0000,
     -3.6712,  0.0000,  0.0043,  2.0000,
     -3.6544,  0.0000,  0.2569,  2.0000,
     -3.4653,  0.0000,  0.0002,  2.0000,
     -3.4517,  0.0000,  0.0018,  2.0000,
     -3.4217,  0.0000,  0.0080,  2.0000,
     -3.3617,  0.0000,  0.0975,  2.0000,
     -3.0580,  0.0000,  0.0007,  2.0000,
     -3.0406,  0.0000,  0.0008,  2.0000,
     -3.0077,  0.0000,  0.0003,  2.0000,
     -2.9694,  0.0000,  0.0020,  2.0000,
     -2.9250,  0.0000,  0.0039,  2.0000,
     -2.8137,  0.0000,  0.0872,  2.0000,
     -2.6811,  0.0000,  0.0197,  2.0000,
     -2.6689,  0.0000,  0.0302,  2.0000,
     -2.6396,  0.0000,  0.0046,  2.0000,
     -2.3554,  0.0000,  0.0001,  2.0000,
     -2.3374,  0.0000,  0.0008,  2.0000,
     -2.3102,  0.0000,  0.0002,  2.0000,
     -2.2493,  0.0000,  0.0124,  2.0000,
     -2.2227,  0.0000,  0.0103,  2.0000,
     -2.1861,  0.0000,  0.0004,  2.0000,
     -2.1452,  0.0000,  0.0003,  2.0000,
     -2.1247,  0.0000,  0.0085,  2.0000,
     -2.0482,  0.0000,  0.0002,  2.0000,
     -2.0364,  0.0000,  0.0001,  2.0000,
     -2.0036,  0.0000,  0.0001,  2.0000,
     -0.6131, -0.0001,  0.0601,  2.0000,
     -0.4848, -0.0001,  0.0699,  1.0000,
     -0.1523,  0.0001,  0.1724,  0.0000,
      2.2882,  0.0000,  0.0000,  0.0000,
      2.7034,  0.0000,  0.0001,  0.0000,
      2.7113,  0.0000,  0.0001,  0.0000,
      2.7505,  0.0000,  0.0001,  0.0000,
      2.9799,  0.0000,  0.0016,  0.0000,
      3.0083,  0.0000,  0.0037,  0.0000,
      3.0433,  0.0000,  0.0028,  0.0000,
      3.6548,  0.0000,  0.0000,  0.0000,
      3.8073,  0.0000,  0.0001,  0.0000,
      3.8242,  0.0000,  0.0000,  0.0000,
      3.8564,  0.0000,  0.0001,  0.0000,
      3.8994,  0.0000,  0.0001,  0.0000,
      3.9038,  0.0000,  0.0002,  0.0000,
      4.2934,  0.0000,  0.0025,  0.0000,
      4.3152,  0.0000,  0.0029,  0.0000,
      4.3287,  0.0000,  0.0045,  0.0000,
      4.5852,  0.0000,  0.0042,  0.0000,
      4.6405,  0.0000,  0.0044,  0.0000,
      4.7586,  0.0000,  0.0030,  0.0000,
      4.7983,  0.0000,  0.0028,  0.0000,
      4.8185,  0.0000,  0.0047,  0.0000,
      5.1036,  0.0000,  0.0004,  0.0000,
      5.1609,  0.0000,  0.0019,  0.0000,
      5.1850,  0.0000,  0.0013,  0.0000,
      5.2484,  0.0000,  0.0045,  0.0000,
      5.2836,  0.0000,  0.0040,  0.0000,
      5.3896,  0.0000,  0.0088,  0.0000,
      5.4503,  0.0000,  0.0015,  0.0000,
      5.5061,  0.0000,  0.0003,  0.0000,
      5.5131,  0.0000,  0.0001,  0.0000,
      5.7963,  0.0000,  0.0001,  0.0000,
      5.8267,  0.0000,  0.0001,  0.0000,
      5.8364,  0.0000,  0.0000,  0.0000,
      6.1833,  0.0000,  0.0051,  0.0000,
      6.2043,  0.0000,  0.0035,  0.0000,
      6.2655,  0.0000,  0.0077,  0.0000,
      6.6200,  0.0000,  0.0023,  0.0000,
      6.6485,  0.0000,  0.0016,  0.0000,
      6.6539,  0.0000,  0.0020,  0.0000,
      6.6971,  0.0000,  0.0013,  0.0000,
      6.7057,  0.0000,  0.0003,  0.0000,
      6.7399,  0.0000,  0.0023,  0.0000,
      6.7614,  0.0000,  0.0035,  0.0000,
      6.8147,  0.0000,  0.0003,  0.0000,
      7.2507,  0.0000,  0.0010,  0.0000,
      7.2668,  0.0000,  0.0008,  0.0000,
      7.2901,  0.0000,  0.0004,  0.0000,
      7.3181,  0.0000,  0.0011,  0.0000,
      7.3257,  0.0000,  0.0000,  0.0000,
      7.3437,  0.0000,  0.0002,  0.0000,
      7.3616,  0.0000,  0.0003,  0.0000,
      7.5247,  0.0000,  0.0000,  0.0000,
      7.6078,  0.0000,  0.0001,  0.0000,
      7.6430,  0.0000,  0.0000,  0.0000,
      7.6722,  0.0000,  0.0001,  0.0000,
      7.7652,  0.0000,  0.0013,  0.0000,
      7.8126,  0.0000,  0.0009,  0.0000,
      7.8286,  0.0000,  0.0003,  0.0000,
      7.8461,  0.0000,  0.0003,  0.0000,
      7.8704,  0.0000,  0.0010,  0.0000,
      7.9578,  0.0000,  0.0058,  0.0000,
      8.4445,  0.0000,  0.0004,  0.0000,
      8.4799,  0.0000,  0.0003,  0.0000,
      8.7766,  0.0000,  0.0012,  0.0000,
      8.7893,  0.0000,  0.0008,  0.0000,
      8.8007,  0.0000,  0.0018,  0.0000,
      8.9909,  0.0000,  0.0000,  0.0000,
      9.0282,  0.0000,  0.0001,  0.0000,
      9.0651,  0.0000,  0.0001,  0.0000,
      9.2041,  0.0000,  0.0000,  0.0000,
      9.2273,  0.0000,  0.0000,  0.0000,
      9.3214,  0.0000,  0.0000,  0.0000,
      9.3800,  0.0000,  0.0000,  0.0000,
      9.4010,  0.0000,  0.0000,  0.0000,
      9.4346,  0.0000,  0.0000,  0.0000,
      9.5676,  0.0000,  0.0000,  0.0000,
      9.6178,  0.0000,  0.0000,  0.0000,
      9.6597,  0.0000,  0.0000,  0.0000,
      9.6802,  0.0000,  0.0000,  0.0000,
      9.8178,  0.0000,  0.0007,  0.0000,
      9.8544,  0.0000,  0.0006,  0.0000,
      9.8959,  0.0000,  0.0007,  0.0000,
      9.9186,  0.0000,  0.0008,  0.0000,
      9.9874,  0.0000,  0.0012,  0.0000,
     10.2964,  0.0000, -0.0001,  0.0000,
     11.2257,  0.0000,  0.0086,  0.0000,
     11.7171,  0.0000,  0.0137,  0.0000,
     12.7974,  0.0002,  0.0482,  0.0000,
