  CI trans.  energy frequency wavelength oscillator--------- polarization---------  dipole  ------ components-----
 st.  symm.    eV      cm - 1       nm      strength       x          y         z       moment     x       y       z 

   2      4.9438156    39875.    250.79  1.395662   0.963270   0.268534   0.000000  0.000547   0.000   0.000   0.000
   3      5.9797449    48230.    207.34  0.000000                                   0.000157  -0.000  -0.000  -0.000
   4      6.3418447    51151.    195.50  0.000000                                   0.000545   0.000   0.000   0.000
   5      6.7133012    54147.    184.68  0.002479   0.863886   0.503688  -0.000000  0.000187   0.000   0.000  -0.000
   6      7.1797716    57909.    172.68  0.000000                                   0.000535  -0.001  -0.000   0.000
   7      7.5911888    61227.    163.33  0.000000                                   0.000133   0.000   0.000   0.000
   8      8.8995670    71780.    139.31  0.333182   0.990980  -0.134013   0.000000  0.000376   0.000   0.000  -0.000
   9      9.0517073    73007.    136.97  0.136402  -0.932017   0.362415  -0.000000  0.000770   0.001   0.000  -0.000
  10      9.1001438    73398.    136.24  0.000008  -0.000002  -0.000001  -1.000000  0.000416  -0.000   0.000   0.000
  11      9.3982091    75802.    131.92  0.000000                                   0.001167  -0.001  -0.000  -0.000
  12      9.4841790    76495.    130.73  0.003072   0.000000   0.000000   1.000000  0.000710   0.001   0.000   0.000
  13     10.2045760    82306.    121.50  0.000000                                   0.001479  -0.001  -0.001   0.000
  14     10.4632649    84392.    118.49  0.000000                                   0.000627   0.001   0.000  -0.000
  15     10.7208597    86470.    115.65  0.000000                                   0.002131   0.002   0.001   0.000
  16     11.0600660    89206.    112.10  0.212445  -0.994098   0.108485  -0.000000  0.000836  -0.001  -0.000  -0.000
  17     11.6101427    93642.    106.79  0.198808   0.126457  -0.991972   0.000000  0.000511   0.000   0.000   0.000