| Z ||NEQ||      XD     ||      YD     ||      ZD     |
   79    1   0.0000000000   0.0000000000   0.0000000000
   14    2   2.7407000065   2.7407000065   0.0027000001
   14    2   2.7407000065  -2.7407000065  -0.0027000001
   14    2  -2.7407000065   2.7407000065  -0.0027000001
   14    2  -2.7407000065  -2.7407000065   0.0027000001
   14    2   0.0027000001   2.7407000065   2.7407000065
   14    2  -0.0027000001   2.7407000065  -2.7407000065
   14    2  -0.0027000001  -2.7407000065   2.7407000065
   14    2   0.0027000001  -2.7407000065  -2.7407000065
   14    2   2.7407000065   0.0027000001   2.7407000065
   14    2   2.7407000065  -0.0027000001  -2.7407000065
   14    2  -2.7407000065   0.0027000001  -2.7407000065
   14    2  -2.7407000065  -0.0027000001   2.7407000065
   14    3   5.4735999107   0.0000000000   0.0000000000
   14    3  -5.4735999107   0.0000000000   0.0000000000
   14    3   0.0000000000   5.4735999107   0.0000000000
   14    3   0.0000000000  -5.4735999107   0.0000000000
   14    3   0.0000000000   0.0000000000   5.4735999107
   14    3   0.0000000000   0.0000000000  -5.4735999107
   14    4   1.4011000395   1.4011000395   1.4011000395
   14    4   1.4011000395  -1.4011000395  -1.4011000395
   14    4  -1.4011000395   1.4011000395  -1.4011000395
   14    4  -1.4011000395  -1.4011000395   1.4011000395
   14    5   4.1023001671  -1.3653000593   1.3653000593
   14    5   4.1023001671   1.3653000593  -1.3653000593
   14    5  -4.1023001671  -1.3653000593  -1.3653000593
   14    5  -4.1023001671   1.3653000593   1.3653000593
   14    5   1.3653000593   4.1023001671  -1.3653000593
   14    5  -1.3653000593   4.1023001671   1.3653000593
   14    5  -1.3653000593  -4.1023001671  -1.3653000593
   14    5   1.3653000593  -4.1023001671   1.3653000593
   14    5  -1.3653000593   1.3653000593   4.1023001671
   14    5  -1.3653000593  -1.3653000593  -4.1023001671
   14    5   1.3653000593   1.3653000593  -4.1023001671
   14    5   1.3653000593  -1.3653000593   4.1023001671
    1    6  -6.2771000862   0.8023999929  -0.8187999725
    1    6  -6.2771000862  -0.8187999725   0.8023999929
    1    7  -3.5518000126  -0.7971000075   3.5597999096
    1    7  -3.5518000126  -3.5597999096   0.7971000075
    1    7  -3.5518000126   0.7971000075  -3.5597999096
    1    7  -3.5518000126   3.5597999096  -0.7971000075
    1    7  -0.7971000075   3.5518000126  -3.5597999096
    1    6   0.8187999725   6.2771000862   0.8023999929
    1    6  -0.8023999929   6.2771000862  -0.8187999725
    1    7   0.7971000075   3.5518000126   3.5597999096
    1    7   3.5518000126   3.5597999096   0.7971000075
    1    7   3.5518000126   0.7971000075   3.5597999096
    1    6   6.2771000862   0.8023999929   0.8187999725
    1    6   6.2771000862  -0.8187999725  -0.8023999929
    1    7   3.5518000126  -0.7971000075  -3.5597999096
    1    7   3.5518000126  -3.5597999096  -0.7971000075
    1    6   0.8023999929  -0.8187999725  -6.2771000862
    1    6  -0.8187999725   0.8023999929  -6.2771000862
    1    6   0.8023999929   0.8187999725   6.2771000862
    1    6  -0.8187999725  -0.8023999929   6.2771000862
    1    7  -0.7971000075  -3.5518000126   3.5597999096
    1    6  -0.8187999725  -6.2771000862   0.8023999929
    1    6   0.8023999929  -6.2771000862  -0.8187999725
    1    8  -2.1788001060  -4.9102997780  -2.1686999798
    1    8   2.1788001060  -4.9102997780   2.1686999798
    1    8  -2.1686999798  -2.1788001060  -4.9102997780
    1    8  -4.9102997780  -2.1788001060  -2.1686999798
    1    8   4.9102997780  -2.1788001060   2.1686999798
    1    8   2.1686999798  -2.1788001060   4.9102997780
    1    8  -2.1686999798   2.1788001060   4.9102997780
    1    8  -4.9102997780   2.1788001060   2.1686999798
    1    8   2.1686999798   2.1788001060  -4.9102997780
    1    8   4.9102997780   2.1788001060  -2.1686999798
    1    7   0.7971000075  -3.5518000126  -3.5597999096
    1    8  -2.1788001060   4.9102997780   2.1686999798
    1    8   2.1788001060   4.9102997780  -2.1686999798
---------------------------------------------
|NEQ||  CHG   ||U/D||   RD   ||   VD   |    1
---------------------------------------------
    0     Unit     (0:angstrom  1:atomic)
    0     Spin     (0:non-spin  1:spin  )
    0     M.P.     (0:No        1:Yes   )
    0     Sample Point ( <100000, =0 autoset )

Deviation of Coordination Number :  .01 %
Deviation of Length from Center  :  .01 %
