 -73122.2907,  0.0000,  0.0000,  2.0000,
 -12263.2355,  0.0000, -0.0001,  2.0000,
 -11759.3109, -0.0001,  0.0000,  2.0000,
 -11741.4772,  0.0000,  0.0000,  2.0000,
 -11726.9562,  0.0000,  0.0000,  2.0000,
  -2851.8048, -0.0005,  0.0000,  2.0000,
  -2636.3530, -0.0012,  0.0000,  2.0000,
  -2620.1842, -0.0004,  0.0000,  2.0000,
  -2601.2418, -0.0006,  0.0000,  2.0000,
  -2220.4301, -0.0005, -0.0001,  2.0000,
  -2212.6636, -0.0006,  0.0000,  2.0000,
  -2210.1718, -0.0006, -0.0001,  2.0000,
  -2199.3951, -0.0006, -0.0001,  2.0000,
  -2163.0895, -0.0007, -0.0001,  2.0000,
  -1769.7708,  0.0000,  0.0000,  2.0000,
  -1769.7379,  0.0000,  0.0000,  2.0000,
  -1769.7338,  0.0000,  0.0000,  2.0000,
  -1769.6269,  0.0000,  0.0000,  2.0000,
  -1769.6123,  0.0000,  0.0000,  2.0000,
  -1769.5944,  0.0000,  0.0000,  2.0000,
  -1769.5859,  0.0000,  0.0000,  2.0000,
  -1769.5712,  0.0000,  0.0000,  2.0000,
  -1769.5587,  0.0000,  0.0000,  2.0000,
  -1769.5531,  0.0000,  0.0000,  2.0000,
  -1769.5493,  0.0000,  0.0000,  2.0000,
  -1769.5404,  0.0000,  0.0000,  2.0000,
  -1769.5130,  0.0000,  0.0000,  2.0000,
  -1769.5056,  0.0000,  0.0000,  2.0000,
  -1769.4855,  0.0000,  0.0000,  2.0000,
  -1769.4849,  0.0000,  0.0000,  2.0000,
  -1769.4700,  0.0000,  0.0000,  2.0000,
  -1769.4542,  0.0000,  0.0000,  2.0000,
  -1769.4516,  0.0000,  0.0000,  2.0000,
  -1769.4488,  0.0000,  0.0000,  2.0000,
  -1769.4472,  0.0000,  0.0000,  2.0000,
  -1769.4390,  0.0000,  0.0000,  2.0000,
  -1769.4378,  0.0000,  0.0000,  2.0000,
  -1769.4353,  0.0000,  0.0000,  2.0000,
  -1769.4302,  0.0000,  0.0000,  2.0000,
  -1769.4196,  0.0000,  0.0000,  2.0000,
  -1769.4088,  0.0000,  0.0000,  2.0000,
  -1769.4061,  0.0000,  0.0000,  2.0000,
  -1769.4054,  0.0000,  0.0000,  2.0000,
  -1769.3938,  0.0000,  0.0000,  2.0000,
  -1769.3744,  0.0000,  0.0000,  2.0000,
  -1769.3722,  0.0000,  0.0000,  2.0000,
  -1769.3678,  0.0000,  0.0000,  2.0000,
  -1769.3486,  0.0000,  0.0000,  2.0000,
   -598.0174, -0.0009,  0.0000,  2.0000,
   -505.3867, -0.0026, -0.0001,  2.0000,
   -500.1141, -0.0039, -0.0002,  2.0000,
   -496.0430, -0.0043, -0.0001,  2.0000,
   -328.5333, -0.0062, -0.0002,  2.0000,
   -327.3809, -0.0030, -0.0004,  2.0000,
   -325.1974, -0.0022, -0.0002,  2.0000,
   -322.8069, -0.0062, -0.0006,  2.0000,
   -310.9727, -0.0060,  0.0002,  2.0000,
   -131.6843,  0.0000,  0.0000,  2.0000,
   -131.6766,  0.0000,  0.0000,  2.0000,
   -131.6660,  0.0000,  0.0000,  2.0000,
   -131.6586,  0.0000,  0.0000,  2.0000,
   -131.6308,  0.0000,  0.0000,  2.0000,
   -131.6236,  0.0000,  0.0000,  2.0000,
   -131.6232,  0.0000,  0.0000,  2.0000,
   -131.6190,  0.0000,  0.0000,  2.0000,
   -131.6155,  0.0000,  0.0000,  2.0000,
   -131.5881,  0.0000,  0.0000,  2.0000,
   -131.5495,  0.0000,  0.0000,  2.0000,
   -131.5455,  0.0000,  0.0000,  2.0000,
   -131.5437,  0.0000,  0.0000,  2.0000,
   -131.5429,  0.0000,  0.0000,  2.0000,
   -131.5380,  0.0000,  0.0000,  2.0000,
   -131.5379,  0.0000,  0.0000,  2.0000,
   -131.5361,  0.0000,  0.0000,  2.0000,
   -131.5359,  0.0000,  0.0000,  2.0000,
   -131.5345,  0.0000,  0.0000,  2.0000,
   -131.5340,  0.0000,  0.0000,  2.0000,
   -131.5340,  0.0000,  0.0000,  2.0000,
   -131.5329,  0.0000,  0.0000,  2.0000,
   -131.5323,  0.0000,  0.0000,  2.0000,
   -131.5320,  0.0000,  0.0000,  2.0000,
   -131.5313,  0.0000,  0.0000,  2.0000,
   -131.5304,  0.0000,  0.0000,  2.0000,
   -131.5302,  0.0000,  0.0000,  2.0000,
   -131.5293,  0.0000,  0.0000,  2.0000,
   -131.5284,  0.0000,  0.0000,  2.0000,
   -131.5263,  0.0000,  0.0000,  2.0000,
   -131.5258,  0.0000,  0.0000,  2.0000,
   -131.5198,  0.0000,  0.0000,  2.0000,
   -131.5188,  0.0000,  0.0000,  2.0000,
   -131.5078,  0.0000,  0.0000,  2.0000,
    -93.0225,  1.0019,  0.0000,  2.0000,
    -92.7055,  1.0030, -0.0002,  2.0000,
    -92.3140,  1.0011, -0.0001,  2.0000,
    -90.4364,  1.0062, -0.0005,  2.0000,
    -89.8045,  1.0071, -0.0010,  2.0000,
    -89.1555,  0.0000,  0.0000,  2.0000,
    -89.1552,  0.0000,  0.0000,  2.0000,
    -89.1495,  0.0000,  0.0000,  2.0000,
    -89.1473,  0.0000,  0.0000,  2.0000,
    -89.1445,  0.0000,  0.0000,  2.0000,
    -89.1388,  0.0000,  0.0000,  2.0000,
    -89.1335,  0.0000,  0.0000,  2.0000,
    -89.1307,  0.0000,  0.0000,  2.0000,
    -89.1187,  0.0000,  0.0000,  2.0000,
    -89.1111,  0.0000,  0.0000,  2.0000,
    -89.0965,  0.0000,  0.0000,  2.0000,
    -89.0932,  0.0000,  0.0000,  2.0000,
    -89.0880,  0.0000,  0.0000,  2.0000,
    -89.0878,  0.0000,  0.0000,  2.0000,
    -89.0822,  0.0000,  0.0000,  2.0000,
    -89.0774,  0.0000,  0.0000,  2.0000,
    -89.0770,  0.0000,  0.0000,  2.0000,
    -89.0761,  0.0000,  0.0000,  2.0000,
    -89.0750,  0.0000,  0.0000,  2.0000,
    -89.0714,  0.0000,  0.0000,  2.0000,
    -89.0679,  0.0000,  0.0000,  2.0000,
    -89.0610,  0.0000,  0.0000,  2.0000,
    -89.0476,  0.0000,  0.0000,  2.0000,
    -89.0411,  0.0000,  0.0000,  2.0000,
    -89.0157,  0.0000,  0.0000,  2.0000,
    -89.0123,  0.0000,  0.0000,  2.0000,
    -89.0117,  0.0000,  0.0000,  2.0000,
    -89.0114,  0.0000,  0.0000,  2.0000,
    -89.0097,  0.0000,  0.0000,  2.0000,
    -89.0096,  0.0000,  0.0000,  2.0000,
    -89.0092,  0.0000,  0.0000,  2.0000,
    -89.0083,  0.0000,  0.0000,  2.0000,
    -89.0078,  0.0000,  0.0000,  2.0000,
    -89.0068,  0.0000,  0.0000,  2.0000,
    -89.0066,  0.0000,  0.0000,  2.0000,
    -89.0062,  0.0000,  0.0000,  2.0000,
    -89.0060,  0.0000,  0.0000,  2.0000,
    -89.0057,  0.0000,  0.0000,  2.0000,
    -89.0043,  0.0000,  0.0000,  2.0000,
    -89.0037,  0.0000,  0.0000,  2.0000,
    -89.0031,  0.0000,  0.0000,  2.0000,
    -89.0025,  0.0000,  0.0000,  2.0000,
    -88.9998,  0.0000,  0.0000,  2.0000,
    -88.9990,  0.0000,  0.0000,  2.0000,
    -88.9985,  0.0000,  0.0000,  2.0000,
    -88.9984,  0.0000,  0.0000,  2.0000,
    -88.9978,  0.0000,  0.0000,  2.0000,
    -88.9966,  0.0000,  0.0000,  2.0000,
    -88.9965,  0.0000,  0.0000,  2.0000,
    -88.9962,  0.0000,  0.0000,  2.0000,
    -88.9959,  0.0000,  0.0000,  2.0000,
    -88.9955,  0.0000,  0.0000,  2.0000,
    -88.9952,  0.0000,  0.0000,  2.0000,
    -88.9950,  0.0000,  0.0000,  2.0000,
    -88.9948,  0.0000,  0.0000,  2.0000,
    -88.9937,  0.0000,  0.0000,  2.0000,
    -88.9926,  0.0000,  0.0000,  2.0000,
    -88.9918,  0.0000,  0.0000,  2.0000,
    -88.9906,  0.0000,  0.0000,  2.0000,
    -88.9880,  0.0000,  0.0000,  2.0000,
    -88.9878,  0.0000,  0.0000,  2.0000,
    -88.9864,  0.0000,  0.0000,  2.0000,
    -88.9850,  0.0000,  0.0000,  2.0000,
    -88.9850,  0.0000,  0.0000,  2.0000,
    -88.9844,  0.0000,  0.0000,  2.0000,
    -88.9835,  0.0000,  0.0000,  2.0000,
    -88.9829,  0.0000,  0.0000,  2.0000,
    -88.9808,  0.0000,  0.0000,  2.0000,
    -88.9801,  0.0000,  0.0000,  2.0000,
    -88.9798,  0.0000,  0.0000,  2.0000,
    -88.9791,  0.0000,  0.0000,  2.0000,
    -88.9786,  0.0000,  0.0000,  2.0000,
    -88.9784,  0.0000,  0.0000,  2.0000,
    -88.9737,  0.0000,  0.0000,  2.0000,
    -88.9704,  0.0000,  0.0000,  2.0000,
    -88.9691,  0.0000,  0.0000,  2.0000,
    -88.9671,  0.0000,  0.0000,  2.0000,
    -88.9640,  0.0000,  0.0000,  2.0000,
    -88.9634,  0.0000,  0.0000,  2.0000,
    -88.9615,  0.0000,  0.0000,  2.0000,
    -88.9555,  0.0000,  0.0000,  2.0000,
    -88.9506,  0.0000,  0.0000,  2.0000,
    -88.9475,  0.0000,  0.0000,  2.0000,
    -88.9319,  0.0000,  0.0000,  2.0000,
    -88.9298,  0.0000,  0.0000,  2.0000,
    -88.9295,  0.0000,  0.0000,  2.0000,
    -88.9285,  0.0000,  0.0000,  2.0000,
    -88.9234,  0.0000,  0.0000,  2.0000,
    -88.9228,  0.0000,  0.0000,  2.0000,
    -88.9189,  0.0000,  0.0000,  2.0000,
    -88.9103,  0.0000,  0.0000,  2.0000,
    -88.8976,  0.0000,  0.0000,  2.0000,
    -88.8943,  0.0000,  0.0000,  2.0000,
    -88.8845,  0.0000,  0.0000,  2.0000,
    -88.8492,  0.0000,  0.0000,  2.0000,
    -88.8463,  0.0000,  0.0000,  2.0000,
    -88.8411,  0.0000,  0.0000,  2.0000,
    -88.8286,  0.0000,  0.0000,  2.0000,
    -88.8264,  0.0000,  0.0000,  2.0000,
    -88.8157,  0.0000,  0.0000,  2.0000,
    -88.7953,  0.0000,  0.0000,  2.0000,
    -88.7266,  0.0000,  0.0000,  2.0000,
    -87.9461,  1.0056, -0.0001,  2.0000,
    -86.0945,  0.9775, -0.0005,  2.0000,
    -82.5422,  0.0414, -0.0002,  2.0000,
    -52.8945, -0.0005,  0.0000,  2.0000,
    -51.6697,  0.0010, -0.0001,  2.0000,
    -50.8168, -0.0003,  0.0008,  2.0000,
    -11.8045,  0.0000,  0.0000,  2.0000,
    -11.4241,  0.0000,  0.0016,  2.0000,
    -11.4058,  0.0000,  0.0011,  2.0000,
    -11.3890,  0.0000,  0.0011,  2.0000,
    -10.9640,  0.0000,  0.0005,  2.0000,
    -10.9380,  0.0000,  0.0005,  2.0000,
    -10.6902,  0.0000,  0.0092,  2.0000,
    -10.6653,  0.0000,  0.0085,  2.0000,
    -10.6509,  0.0000,  0.0057,  2.0000,
    -10.2807,  0.0000,  0.0091,  2.0000,
    -10.2785,  0.0000,  0.0088,  2.0000,
    -10.2323,  0.0000,  0.0049,  2.0000,
    -10.2095,  0.0000,  0.0003,  2.0000,
    -10.0714,  0.0000,  0.0000,  2.0000,
    -10.0590,  0.0000,  0.0000,  2.0000,
    -10.0418,  0.0000,  0.0000,  2.0000,
     -9.4788,  0.0000,  0.0031,  2.0000,
     -9.4605,  0.0000,  0.0033,  2.0000,
     -8.8137,  0.0000,  0.0007,  2.0000,
     -8.6306,  0.0000,  0.0274,  2.0000,
     -8.6203,  0.0000,  0.0342,  2.0000,
     -8.5852,  0.0000,  0.0121,  2.0000,
     -8.5493,  0.0000,  0.0007,  2.0000,
     -8.5360,  0.0000,  0.0000,  2.0000,
     -8.5187,  0.0000,  0.0003,  2.0000,
     -8.0840,  0.0000,  0.0010,  2.0000,
     -8.0591,  0.0000,  0.0009,  2.0000,
     -7.9586,  0.0000,  0.0473,  2.0000,
     -7.9238,  0.0000,  0.0188,  2.0000,
     -7.9020,  0.0000,  0.0225,  2.0000,
     -7.5375, -0.0001,  0.2699,  2.0000,
     -7.4984, -0.0002,  0.2893,  2.0000,
     -7.3032, -0.0001,  0.1340,  2.0000,
     -7.2330,  0.0000,  0.0093,  2.0000,
     -6.7518, -0.0005,  0.8286,  2.0000,
     -6.6715, -0.0001,  0.6298,  2.0000,
     -6.2963, -0.0002,  0.3817,  2.0000,
     -6.1252, -0.0002,  0.4102,  2.0000,
     -5.8640,  0.0000,  0.1471,  2.0000,
     -5.7187,  0.0000,  0.0004,  2.0000,
     -5.6973,  0.0000,  0.0002,  2.0000,
     -5.6778,  0.0000,  0.0004,  2.0000,
     -5.6534,  0.0000,  0.0040,  2.0000,
     -5.6405,  0.0000,  0.0018,  2.0000,
     -5.6263,  0.0000,  0.0014,  2.0000,
     -5.5543, -0.0001,  0.0789,  2.0000,
     -5.5246,  0.0000,  0.0912,  2.0000,
     -5.5085,  0.0000,  0.0798,  2.0000,
     -5.4263,  0.0000,  0.0069,  2.0000,
     -5.3961, -0.0001,  0.2192,  2.0000,
     -5.2479,  0.0000,  0.0021,  2.0000,
     -5.2423,  0.0000,  0.0014,  2.0000,
     -5.2276,  0.0000,  0.0059,  2.0000,
     -4.9637, -0.0001,  0.5009,  2.0000,
     -4.8763,  0.0000,  0.0120,  2.0000,
     -4.8497,  0.0000,  0.0004,  2.0000,
     -4.8239,  0.0000,  0.0001,  2.0000,
     -4.7060,  0.0000,  0.0039,  2.0000,
     -4.3228,  0.0000,  0.0228,  2.0000,
     -4.3067,  0.0000,  0.0256,  2.0000,
     -4.2829,  0.0000,  0.0090,  2.0000,
     -4.2610,  0.0000,  0.0037,  2.0000,
     -4.2232,  0.0000,  0.0031,  2.0000,
     -4.1945,  0.0000,  0.0003,  2.0000,
     -4.1847,  0.0000,  0.0006,  2.0000,
     -4.1650,  0.0000,  0.0012,  2.0000,
     -3.9664,  0.0000,  0.0045,  2.0000,
     -3.9338,  0.0000,  0.0039,  2.0000,
     -3.9159,  0.0000,  0.0021,  2.0000,
     -3.7775,  0.0000,  0.0055,  2.0000,
     -3.5485,  0.0000,  0.0008,  2.0000,
     -3.5102,  0.0000,  0.0010,  2.0000,
     -3.4875,  0.0000,  0.0005,  2.0000,
     -3.4560,  0.0000,  0.0020,  2.0000,
     -3.4401,  0.0000,  0.0047,  2.0000,
     -3.4061,  0.0000,  0.0094,  2.0000,
     -3.1087,  0.0000,  0.0186,  2.0000,
     -3.0921,  0.0000,  0.0211,  2.0000,
     -3.0053,  0.0000,  0.0002,  2.0000,
     -2.7549,  0.0000,  0.0003,  2.0000,
     -2.7478,  0.0000,  0.0001,  2.0000,
     -2.7258,  0.0000,  0.0001,  2.0000,
     -2.6489,  0.0000,  0.0041,  2.0000,
     -2.6236,  0.0000,  0.0058,  2.0000,
     -2.6099,  0.0000,  0.0068,  2.0000,
     -2.5944,  0.0000,  0.0010,  2.0000,
     -2.5904,  0.0000,  0.0019,  2.0000,
     -2.5012,  0.0000,  0.0001,  2.0000,
     -2.4950,  0.0000,  0.0001,  2.0000,
     -2.4740,  0.0000,  0.0000,  2.0000,
     -0.9643, -0.0001,  0.0555,  2.0000,
     -0.9107, -0.0001,  0.0511,  1.0000,
     -0.7738, -0.0001,  0.0813,  0.0000,
      1.8547,  0.0000,  0.0002,  0.0000,
      2.0644,  0.0000,  0.0029,  0.0000,
      2.0949,  0.0000,  0.0025,  0.0000,
      2.1310,  0.0000,  0.0030,  0.0000,
      2.1333,  0.0000,  0.0038,  0.0000,
      2.1620,  0.0000,  0.0023,  0.0000,
      2.3049,  0.0000,  0.0009,  0.0000,
      2.3406,  0.0000,  0.0009,  0.0000,
      2.3492,  0.0000,  0.0015,  0.0000,
      2.3785,  0.0000,  0.0011,  0.0000,
      2.4269,  0.0000,  0.0001,  0.0000,
      2.4397,  0.0000,  0.0002,  0.0000,
      2.4558,  0.0000,  0.0001,  0.0000,
      2.4868,  0.0000,  0.0003,  0.0000,
      2.4941,  0.0000,  0.0003,  0.0000,
      2.8235,  0.0000,  0.0017,  0.0000,
      2.8387,  0.0000,  0.0035,  0.0000,
      2.8681,  0.0000,  0.0053,  0.0000,
      2.8710,  0.0000,  0.0012,  0.0000,
      2.8969,  0.0000,  0.0024,  0.0000,
      2.9123,  0.0000,  0.0027,  0.0000,
      3.0084,  0.0000,  0.0002,  0.0000,
      3.0149,  0.0000,  0.0003,  0.0000,
      3.0533,  0.0000,  0.0002,  0.0000,
      3.1124,  0.0000,  0.0002,  0.0000,
      3.1242,  0.0000,  0.0001,  0.0000,
      3.1991,  0.0000,  0.0001,  0.0000,
      3.3562,  0.0000,  0.0024,  0.0000,
      3.3894,  0.0000,  0.0024,  0.0000,
      3.3908,  0.0000,  0.0006,  0.0000,
      3.4331,  0.0000,  0.0012,  0.0000,
      3.4512,  0.0000,  0.0015,  0.0000,
      3.4893,  0.0000,  0.0015,  0.0000,
      3.7196,  0.0000,  0.0001,  0.0000,
      3.7838,  0.0000,  0.0002,  0.0000,
      3.8044,  0.0000,  0.0002,  0.0000,
      4.1205,  0.0000,  0.0024,  0.0000,
      4.1740,  0.0000,  0.0115,  0.0000,
      4.2040,  0.0000,  0.0128,  0.0000,
      4.2173,  0.0000,  0.0128,  0.0000,
      4.2815,  0.0000,  0.0155,  0.0000,
      4.3139,  0.0000,  0.0210,  0.0000,
      4.7141,  0.0000,  0.0001,  0.0000,
      4.7642,  0.0000,  0.0001,  0.0000,
      4.7963,  0.0000,  0.0000,  0.0000,
      4.8676,  0.0000,  0.0014,  0.0000,
      4.9196,  0.0000,  0.0059,  0.0000,
      4.9409,  0.0000,  0.0055,  0.0000,
      4.9686,  0.0000,  0.0105,  0.0000,
      5.1341,  0.0000,  0.0006,  0.0000,
      5.1754,  0.0000,  0.0008,  0.0000,
      5.1905,  0.0000,  0.0003,  0.0000,
      5.2848,  0.0000,  0.0003,  0.0000,
      5.3000,  0.0000,  0.0001,  0.0000,
      5.3187,  0.0000,  0.0002,  0.0000,
      5.3512,  0.0000,  0.0004,  0.0000,
      5.3678,  0.0000,  0.0008,  0.0000,
      5.5144,  0.0000,  0.0001,  0.0000,
      5.5415,  0.0000,  0.0000,  0.0000,
      5.5570,  0.0000,  0.0000,  0.0000,
      5.6466,  0.0000,  0.0000,  0.0000,
      5.6798,  0.0000,  0.0000,  0.0000,
      5.7017,  0.0000,  0.0002,  0.0000,
      5.7285,  0.0000,  0.0001,  0.0000,
      6.2277,  0.0000,  0.0000,  0.0000,
      6.2538,  0.0000,  0.0002,  0.0000,
      6.2682,  0.0000,  0.0000,  0.0000,
      6.4966,  0.0000,  0.0067,  0.0000,
      6.5279,  0.0000,  0.0070,  0.0000,
      6.6976,  0.0000,  0.0004,  0.0000,
      6.7067,  0.0000,  0.0000,  0.0000,
      6.7121,  0.0000,  0.0001,  0.0000,
      7.0239,  0.0000,  0.0004,  0.0000,
      7.0585,  0.0000,  0.0006,  0.0000,
      7.3245,  0.0000,  0.0000,  0.0000,
      7.4658,  0.0000,  0.0001,  0.0000,
      7.4743,  0.0000,  0.0001,  0.0000,
      7.6401,  0.0000,  0.0002,  0.0000,
      7.6624,  0.0000,  0.0002,  0.0000,
      7.9434,  0.0000,  0.0042,  0.0000,
      7.9792,  0.0000,  0.0042,  0.0000,
      8.0353,  0.0000,  0.0017,  0.0000,
      8.0467,  0.0000,  0.0035,  0.0000,
      8.1174,  0.0000,  0.0004,  0.0000,
      8.2242,  0.0000,  0.0002,  0.0000,
      8.2492,  0.0000,  0.0002,  0.0000,
      8.2606,  0.0000,  0.0001,  0.0000,
      8.7422,  0.0000,  0.0003,  0.0000,
      8.7697,  0.0000,  0.0001,  0.0000,
      8.7836,  0.0000,  0.0002,  0.0000,
      8.8152,  0.0000,  0.0001,  0.0000,
      8.8244,  0.0000,  0.0001,  0.0000,
      8.8441,  0.0000,  0.0000,  0.0000,
      8.9179,  0.0000,  0.0000,  0.0000,
      9.0517,  0.0000,  0.0011,  0.0000,
      9.0661,  0.0000,  0.0001,  0.0000,
      9.1058,  0.0000,  0.0003,  0.0000,
      9.1153,  0.0000,  0.0012,  0.0000,
      9.1629,  0.0000,  0.0014,  0.0000,
      9.2275,  0.0000,  0.0001,  0.0000,
      9.2507,  0.0000,  0.0001,  0.0000,
      9.2671,  0.0000,  0.0002,  0.0000,
      9.2964,  0.0000,  0.0001,  0.0000,
      9.3125,  0.0000,  0.0000,  0.0000,
      9.3612,  0.0000,  0.0001,  0.0000,
      9.4804,  0.0000,  0.0001,  0.0000,
      9.5080,  0.0000,  0.0000,  0.0000,
      9.5235,  0.0000,  0.0000,  0.0000,
      9.5682,  0.0000,  0.0003,  0.0000,
      9.6060,  0.0000,  0.0003,  0.0000,
      9.6714,  0.0000,  0.0001,  0.0000,
      9.7212,  0.0000,  0.0001,  0.0000,
      9.7788,  0.0000,  0.0000,  0.0000,
      9.8004,  0.0000,  0.0000,  0.0000,
     10.4390,  0.0000,  0.0067,  0.0000,
     10.4762,  0.0000,  0.0067,  0.0000,
     10.5299,  0.0000,  0.0072,  0.0000,
     10.7165,  0.0000,  0.0001,  0.0000,
     10.7326,  0.0000,  0.0004,  0.0000,
     10.7586,  0.0000,  0.0000,  0.0000,
     11.0504,  0.0000,  0.0002,  0.0000,
     11.1146,  0.0000,  0.0001,  0.0000,
     11.1360,  0.0000,  0.0001,  0.0000,
     11.1618,  0.0000,  0.0004,  0.0000,
     11.2166,  0.0000,  0.0004,  0.0000,
     11.4771,  0.0000,  0.0000,  0.0000,
     11.8144,  0.0000,  0.0087,  0.0000,
     11.9187, -0.0001,  0.0123,  0.0000,
     11.9802,  0.0000,  0.0137,  0.0000,
     12.6662,  0.0000,  0.0001,  0.0000,
     13.0543,  0.0000,  0.0000,  0.0000,
     13.1035,  0.0000,  0.0000,  0.0000,
     13.1239,  0.0000,  0.0000,  0.0000,
     13.2441,  0.0000,  0.0001,  0.0000,
     13.3087,  0.0000,  0.0001,  0.0000,
     13.3215,  0.0000,  0.0000,  0.0000,
     13.3773,  0.0000,  0.0006,  0.0000,
     13.4297,  0.0000,  0.0013,  0.0000,
     13.4895,  0.0000,  0.0007,  0.0000,
     13.7405,  0.0000,  0.0067,  0.0000,
     13.8409,  0.0000,  0.0075,  0.0000,
     14.1923,  0.0000,  0.0001,  0.0000,
     14.3297,  0.0000,  0.0013,  0.0000,
     14.3623,  0.0000,  0.0007,  0.0000,
     14.3934,  0.0000,  0.0025,  0.0000,
     14.4407,  0.0000,  0.0029,  0.0000,
     14.4658,  0.0000,  0.0042,  0.0000,
     14.6799,  0.0000,  0.0004,  0.0000,
     14.6933,  0.0000,  0.0012,  0.0000,
     14.7116,  0.0000,  0.0005,  0.0000,
     14.7425,  0.0000,  0.0005,  0.0000,
     14.7784,  0.0000,  0.0007,  0.0000,
     14.7852,  0.0000,  0.0000,  0.0000,
     14.8193,  0.0000,  0.0006,  0.0000,
     14.9018,  0.0000,  0.0000,  0.0000,
     14.9714,  0.0000,  0.0000,  0.0000,
     14.9955,  0.0000,  0.0000,  0.0000,
     15.2649,  0.0000,  0.0011,  0.0000,
     15.3032,  0.0000,  0.0021,  0.0000,
     15.3284,  0.0000,  0.0017,  0.0000,
     15.6303,  0.0000,  0.0000,  0.0000,
     15.6835,  0.0000,  0.0000,  0.0000,
     15.7099,  0.0000,  0.0000,  0.0000,
     15.7908,  0.0000,  0.0002,  0.0000,
     15.8036,  0.0000,  0.0006,  0.0000,
     15.8284,  0.0000,  0.0008,  0.0000,
     15.8567,  0.0000,  0.0001,  0.0000,
     15.9196,  0.0000,  0.0006,  0.0000,
     16.7429,  0.0000,  0.0008,  0.0000,
     16.7924,  0.0000,  0.0001,  0.0000,
     16.8272,  0.0000,  0.0005,  0.0000,
     16.8316,  0.0000,  0.0006,  0.0000,
     16.8607,  0.0000,  0.0004,  0.0000,
     16.8905,  0.0000,  0.0010,  0.0000,
     16.9188,  0.0000,  0.0001,  0.0000,
     16.9524,  0.0000,  0.0008,  0.0000,
     16.9821,  0.0000,  0.0009,  0.0000,
     17.0188,  0.0000,  0.0012,  0.0000,
     17.6489,  0.0000,  0.0002,  0.0000,
     17.6830,  0.0000,  0.0003,  0.0000,
     17.7431,  0.0000,  0.0007,  0.0000,
     17.7690,  0.0000,  0.0006,  0.0000,
     17.7910,  0.0000,  0.0009,  0.0000,
     18.1261,  0.0000,  0.0000,  0.0000,
     18.8448,  0.0000,  0.0001,  0.0000,
     18.8643,  0.0000,  0.0000,  0.0000,
     18.9010,  0.0000,  0.0000,  0.0000,
     18.9621,  0.0000,  0.0001,  0.0000,
     18.9756,  0.0000,  0.0003,  0.0000,
     18.9990,  0.0000,  0.0001,  0.0000,
     19.0590,  0.0000,  0.0002,  0.0000,
     19.0777,  0.0000,  0.0001,  0.0000,
     19.1427,  0.0000,  0.0003,  0.0000,
     19.2146,  0.0000,  0.0000,  0.0000,
     19.2326,  0.0000,  0.0000,  0.0000,
     19.2765,  0.0000,  0.0000,  0.0000,
     19.4633,  0.0000,  0.0010,  0.0000,
     19.5270,  0.0000,  0.0008,  0.0000,
     19.5367,  0.0000,  0.0010,  0.0000,
     19.7654,  0.0000,  0.0002,  0.0000,
     19.7696,  0.0000,  0.0002,  0.0000,
     19.9762,  0.0000,  0.0002,  0.0000,
     20.0107,  0.0000,  0.0001,  0.0000,
     20.0637,  0.0000,  0.0003,  0.0000,
     21.0281,  0.0000,  0.0040,  0.0000,
     21.0776,  0.0000,  0.0041,  0.0000,
     21.1604,  0.0000,  0.0001,  0.0000,
     21.2377,  0.0000,  0.0059,  0.0000,
     21.2880,  0.0000,  0.0016,  0.0000,
     21.3230,  0.0000,  0.0004,  0.0000,
     21.6071,  0.0000,  0.0001,  0.0000,
     21.6557,  0.0000,  0.0000,  0.0000,
     21.6957,  0.0000,  0.0001,  0.0000,
     21.8460,  0.0000,  0.0000,  0.0000,
     21.8517,  0.0000,  0.0000,  0.0000,
     21.9278,  0.0000,  0.0000,  0.0000,
     22.0852,  0.0000,  0.0000,  0.0000,
     22.1592,  0.0000,  0.0000,  0.0000,
     22.2482,  0.0000,  0.0000,  0.0000,
     22.2613,  0.0000,  0.0000,  0.0000,
     22.6961,  0.0000,  0.0000,  0.0000,
     22.7178,  0.0000,  0.0000,  0.0000,
     22.7778,  0.0000,  0.0000,  0.0000,
     23.0399,  0.0000,  0.0001,  0.0000,
     23.0495,  0.0000,  0.0001,  0.0000,
     23.1117,  0.0000,  0.0001,  0.0000,
     23.2967,  0.0000,  0.0000,  0.0000,
     23.3396,  0.0000,  0.0000,  0.0000,
     23.3894,  0.0000,  0.0000,  0.0000,
     23.4241,  0.0000,  0.0001,  0.0000,
     23.5323,  0.0000,  0.0004,  0.0000,
     23.5547,  0.0000,  0.0005,  0.0000,
     23.5951,  0.0000,  0.0008,  0.0000,
     23.6568,  0.0000,  0.0001,  0.0000,
     23.6663,  0.0000,  0.0001,  0.0000,
     23.7057,  0.0000,  0.0002,  0.0000,
     23.7207,  0.0000,  0.0002,  0.0000,
     23.7454,  0.0000,  0.0002,  0.0000,
     23.7546,  0.0000,  0.0001,  0.0000,
     23.8529,  0.0000,  0.0000,  0.0000,
     23.8606,  0.0000,  0.0000,  0.0000,
     23.8992,  0.0000,  0.0000,  0.0000,
     24.1336,  0.0000,  0.0000,  0.0000,
     24.1607,  0.0000,  0.0000,  0.0000,
     24.1927,  0.0000,  0.0000,  0.0000,
     24.2108,  0.0000,  0.0000,  0.0000,
     24.2692,  0.0000,  0.0000,  0.0000,
     24.6178,  0.0000,  0.0000,  0.0000,
     24.6407,  0.0000,  0.0000,  0.0000,
     24.6585,  0.0000,  0.0000,  0.0000,
     24.7989,  0.0000,  0.0002,  0.0000,
     24.8213,  0.0000,  0.0001,  0.0000,
     24.8280,  0.0000,  0.0002,  0.0000,
     24.8368,  0.0000,  0.0002,  0.0000,
     24.8610,  0.0000,  0.0002,  0.0000,
     24.8821,  0.0000,  0.0001,  0.0000,
     25.0630,  0.0000,  0.0003,  0.0000,
     25.0997,  0.0000,  0.0004,  0.0000,
