| Z ||NEQ||      XD     ||      YD     ||      ZD     |
   14    1   5.4689801988   0.0000000000   0.0000000000
   14    1  -5.4689798355   0.0000000000   0.0000000000
   14    1   0.0000000000   5.4689801988   0.0000000000
   14    1   0.0000000000  -5.4689798355   0.0000000000
   14    1   0.0000000000   0.0000000000   5.4689801988
   14    1   0.0000000000   0.0000000000  -5.4689798355
   14    2   2.7344899178   0.0000000000   2.7344899178
   14    2   2.7344899178   0.0000000000  -2.7344899178
   14    2  -2.7344899178   0.0000000000  -2.7344899178
   14    2  -2.7344899178   0.0000000000   2.7344899178
   14    2   2.7344899178   2.7344899178   0.0000000000
   14    2  -2.7344899178   2.7344899178   0.0000000000
   14    2  -2.7344899178  -2.7344899178   0.0000000000
   14    2   2.7344899178  -2.7344899178   0.0000000000
   14    2   0.0000000000   2.7344899178   2.7344899178
   14    2   0.0000000000  -2.7344899178  -2.7344899178
   14    2   0.0000000000   2.7344899178  -2.7344899178
   14    2   0.0000000000  -2.7344899178   2.7344899178
   14    3   0.0000000000   0.0000000000   0.0000000000
   14    4   4.1017401988  -1.3672499657   1.3672499657
   14    4   4.1017401988   1.3672499657  -1.3672499657
   14    4  -4.1017398834  -1.3672499657  -1.3672499657
   14    4  -4.1017398834   1.3672499657   1.3672499657
   14    4   1.3672499657   4.1017401988  -1.3672499657
   14    4  -1.3672499657   4.1017401988   1.3672499657
   14    4  -1.3672499657  -4.1017398834  -1.3672499657
   14    4   1.3672499657  -4.1017398834   1.3672499657
   14    4  -1.3672499657   1.3672499657   4.1017401988
   14    4  -1.3672499657  -1.3672499657  -4.1017398834
   14    4   1.3672499657   1.3672499657  -4.1017398834
   14    4   1.3672499657  -1.3672499657   4.1017401988
   14    5   1.3672499657   1.3672499657   1.3672499657
   14    5   1.3672499657  -1.3672499657  -1.3672499657
   14    5  -1.3672499657   1.3672499657  -1.3672499657
   14    5  -1.3672499657  -1.3672499657   1.3672499657
    1    6   0.8082900047   3.5427801988   3.5427801988
    1    7   0.8176603317   6.2725501988   0.8035602570
    1    7  -0.8035597801   6.2725501988  -0.8176598549
    1    7  -0.8176598549  -6.2725498080   0.8035602570
    1    7   0.8035602570  -6.2725498080  -0.8176598549
    1    8   3.5521601988   3.5380501988   0.8035602570
    1    8  -3.5521597862   3.5380501988  -0.8035597801
    1    8  -0.8035597801   3.5521601988  -3.5380496979
    1    8   3.5521601988   0.8035602570   3.5380501988
    1    7   0.8035602570   0.8176603317   6.2725501988
    1    7  -0.8176598549  -0.8035597801   6.2725501988
    1    7   0.8035602570  -0.8176598549  -6.2725498080
    1    7  -0.8176598549   0.8035602570  -6.2725498080
    1    8   3.5521601988  -0.8035597801  -3.5380496979
    1    8   0.8035602570  -3.5521597862  -3.5380496979
    1    8   3.5521601988  -3.5380496979  -0.8035597801
    1    9   2.1708102226  -4.9193998575   2.1708102226
    1    9   2.1708102226  -2.1708097458   4.9194001988
    1    9   4.9194001988  -2.1708097458   2.1708102226
    1    9  -2.1708097458  -4.9193998575  -2.1708097458
    1    8  -3.5521597862  -3.5380496979   0.8035602570
    1    8  -3.5521597862  -0.8035597801   3.5380501988
    1    9  -2.1708097458   2.1708102226   4.9194001988
    1    9  -2.1708097458   4.9194001988   2.1708102226
    1    9   2.1708102226   4.9194001988  -2.1708097458
    1    9   4.9194001988   2.1708102226  -2.1708097458
    1    9   2.1708102226   2.1708102226  -4.9193998575
    1    8  -3.5521597862   0.8035602570  -3.5380496979
    1    9  -2.1708097458  -2.1708097458  -4.9193998575
    1    7  -6.2725498080   0.8035602570  -0.8176598549
    1    7  -6.2725498080  -0.8176598549   0.8035602570
    1    9  -4.9193998575   2.1708102226   2.1708102226
    1    9  -4.9193998575  -2.1708097458  -2.1708097458
    1    7   6.2725501988   0.8035602570   0.8176603317
    1    7   6.2725501988  -0.8176598549  -0.8035597801
    1    8  -0.8035597801  -3.5521597862   3.5380501988
---------------------------------------------
|NEQ||  CHG   ||U/D||   RD   ||   VD   |    1
---------------------------------------------
    0     Unit     (0:angstrom  1:atomic)
    0     Spin     (0:non-spin  1:spin  )
    0     M.P.     (0:No        1:Yes   )
    0     Sample Point ( <100000, =0 autoset )

Deviation of Coordination Number :  .01 %
Deviation of Length from Center  :  .01 %
