  -1769.8915,  0.0000,  0.0000,  0.0000,  0.0000,  0.0000,  0.0000,  0.0000,  0.0000,  0.0000,  2.0000,
  -1769.6478,  0.0000,  0.0000,  0.0000,  0.0000,  0.0000,  0.0000,  0.0000,  0.0000,  0.0000,  2.0000,
  -1769.6172,  0.0000,  0.0000,  0.0000,  0.0000,  0.0000,  0.0000,  0.0000,  0.0000,  0.0000,  2.0000,
  -1769.6169,  0.0000,  0.0000,  0.0000,  0.0000,  0.0000,  0.0000,  0.0000,  0.0000,  0.0000,  2.0000,
  -1769.5618,  0.0000,  0.0000,  0.0000,  0.0000,  0.0000,  0.0000,  0.0000,  0.0000,  0.0000,  2.0000,
  -1769.5614,  0.0000,  0.0000,  0.0000,  0.0000,  0.0000,  0.0000,  0.0000,  0.0000,  0.0000,  2.0000,
  -1769.5566,  0.0000,  0.0000,  0.0000,  0.0000,  0.0000,  0.0000,  0.0000,  0.0000,  0.0000,  2.0000,
  -1769.5555,  0.0000,  0.0000,  0.0000,  0.0000,  0.0000,  0.0000,  0.0000,  0.0000,  0.0000,  2.0000,
  -1769.5482,  0.0000,  0.0000,  0.0000,  0.0000,  0.0000,  0.0000,  0.0000,  0.0000,  0.0000,  2.0000,
  -1769.5380,  0.0000,  0.0000,  0.0000,  0.0000,  0.0000,  0.0000,  0.0000,  0.0000,  0.0000,  2.0000,
  -1769.5376,  0.0000,  0.0000,  0.0000,  0.0000,  0.0000,  0.0000,  0.0000,  0.0000,  0.0000,  2.0000,
  -1769.5346,  0.0000,  0.0000,  0.0000,  0.0000,  0.0000,  0.0000,  0.0000,  0.0000,  0.0000,  2.0000,
  -1769.5170,  0.0000,  0.0000,  0.0000,  0.0000,  0.0000,  0.0000,  0.0000,  0.0000,  0.0000,  2.0000,
  -1769.5115,  0.0000,  0.0000,  0.0000,  0.0000,  0.0000,  0.0000,  0.0000,  0.0000,  0.0000,  2.0000,
  -1769.5056,  0.0000,  0.0000,  0.0000,  0.0000,  0.0000,  0.0000,  0.0000,  0.0000,  0.0000,  2.0000,
  -1769.5024,  0.0000,  0.0000,  0.0000,  0.0000,  0.0000,  0.0000,  0.0000,  0.0000,  0.0000,  2.0000,
  -1769.4988,  0.0000,  0.0000,  0.0000,  0.0000,  0.0000,  0.0000,  0.0000,  0.0000,  0.0000,  2.0000,
  -1769.4969,  0.0000,  0.0000,  0.0000,  0.0000,  0.0000,  0.0000,  0.0000,  0.0000,  0.0000,  2.0000,
  -1769.4903,  0.0000,  0.0000,  0.0000,  0.0000,  0.0000,  0.0000,  0.0000,  0.0000,  0.0000,  2.0000,
  -1769.4845,  0.0000,  0.0000,  0.0000,  0.0000,  0.0000,  0.0000,  0.0000,  0.0000,  0.0000,  2.0000,
  -1769.4777,  0.0000,  0.0000,  0.0000,  0.0000,  0.0000,  0.0000,  0.0000,  0.0000,  0.0000,  2.0000,
  -1769.4687,  0.0000,  0.0000,  0.0000,  0.0000,  0.0000,  0.0000,  0.0000,  0.0000,  0.0000,  2.0000,
  -1769.4673,  0.0000,  0.0000,  0.0000,  0.0000,  0.0000,  0.0000,  0.0000,  0.0000,  0.0000,  2.0000,
  -1769.4445,  0.0000,  0.0000,  0.0000,  0.0000,  0.0000,  0.0000,  0.0000,  0.0000,  0.0000,  2.0000,
  -1769.4371,  0.0000,  0.0000,  0.0000,  0.0000,  0.0000,  0.0000,  0.0000,  0.0000,  0.0000,  2.0000,
  -1769.4356,  0.0000,  0.0000,  0.0000,  0.0000,  0.0000,  0.0000,  0.0000,  0.0000,  0.0000,  2.0000,
  -1769.4328,  0.0000,  0.0000,  0.0000,  0.0000,  0.0000,  0.0000,  0.0000,  0.0000,  0.0000,  2.0000,
  -1769.4296,  0.0000,  0.0000,  0.0000,  0.0000,  0.0000,  0.0000,  0.0000,  0.0000,  0.0000,  2.0000,
  -1769.4155,  0.0000,  0.0000,  0.0000,  0.0000,  0.0000,  0.0000,  0.0000,  0.0000,  0.0000,  2.0000,
  -1769.4048,  0.0000,  0.0000,  0.0000,  0.0000,  0.0000,  0.0000,  0.0000,  0.0000,  0.0000,  2.0000,
  -1769.4009,  0.0000,  0.0000,  0.0000,  0.0000,  0.0000,  0.0000,  0.0000,  0.0000,  0.0000,  2.0000,
  -1769.3958,  0.0000,  0.0000,  0.0000,  0.0000,  0.0000,  0.0000,  0.0000,  0.0000,  0.0000,  2.0000,
  -1769.3844,  0.0000,  0.0000,  0.0000,  0.0000,  0.0000,  0.0000,  0.0000,  0.0000,  0.0000,  2.0000,
  -1769.3768,  0.0000,  0.0000,  0.0000,  0.0000,  0.0000,  0.0000,  0.0000,  0.0000,  0.0000,  2.0000,
  -1769.3709,  0.0000,  0.0000,  0.0000,  0.0000,  0.0000,  0.0000,  0.0000,  0.0000,  0.0000,  2.0000,
   -131.8371,  0.0000,  0.0000,  0.0000,  0.0000, -0.0001,  0.0000,  0.0000,  0.0000,  0.0000,  2.0000,
   -131.6356,  0.0000, -0.0001,  0.0000, -0.0001, -0.0002,  0.0000,  0.0000,  0.0000,  0.0000,  2.0000,
   -131.6328,  0.0000, -0.0001,  0.0000,  0.0001, -0.0004,  0.0000,  0.0000,  0.0004,  0.0000,  2.0000,
   -131.6321,  0.0000, -0.0001,  0.0000, -0.0003,  0.0002,  0.0000,  0.0000, -0.0001,  0.0000,  2.0000,
   -131.6290,  0.0000,  0.0000,  0.0000, -0.0002,  0.0002,  0.0000,  0.0000,  0.0001,  0.0000,  2.0000,
   -131.6258,  0.0000,  0.0000,  0.0000, -0.0001, -0.0001,  0.0000,  0.0000,  0.0003,  0.0000,  2.0000,
   -131.6214,  0.0000,  0.0000,  0.0000,  0.0002,  0.0000,  0.0000,  0.0000,  0.0000,  0.0000,  2.0000,
   -131.6209,  0.0000,  0.0000,  0.0000,  0.0001,  0.0000,  0.0000,  0.0000,  0.0000,  0.0000,  2.0000,
   -131.6202,  0.0000,  0.0000,  0.0000,  0.0000,  0.0000,  0.0000,  0.0000,  0.0001,  0.0000,  2.0000,
   -131.6186,  0.0000,  0.0000,  0.0000, -0.0002,  0.0000,  0.0000,  0.0000,  0.0001,  0.0000,  2.0000,
   -131.6164,  0.0000,  0.0000,  0.0000,  0.0000, -0.0003,  0.0000,  0.0000, -0.0001,  0.0000,  2.0000,
   -131.6138, -0.0001,  0.0000,  0.0000, -0.0003,  0.0000,  0.0000, -0.0002,  0.0000,  0.0000,  2.0000,
   -131.6136, -0.0001,  0.0000,  0.0000,  0.0003,  0.0000,  0.0000, -0.0002,  0.0000,  0.0000,  2.0000,
   -131.6122, -0.0001,  0.0000,  0.0000,  0.0003,  0.0000,  0.0000, -0.0004,  0.0000,  0.0000,  2.0000,
   -131.6117,  0.0000, -0.0001,  0.0000,  0.0000,  0.0002,  0.0000,  0.0000,  0.0000,  0.0000,  2.0000,
   -131.6098,  0.0000,  0.0000,  0.0000,  0.0001, -0.0001, -0.0001,  0.0000,  0.0000,  0.0000,  2.0000,
   -131.6058,  0.0000,  0.0000,  0.0000, -0.0003,  0.0000,  0.0000,  0.0003,  0.0000,  0.0000,  2.0000,
   -131.6049, -0.0001,  0.0000,  0.0000, -0.0002,  0.0000,  0.0000,  0.0002,  0.0000,  0.0000,  2.0000,
   -131.6005, -0.0001,  0.0000,  0.0000,  0.0003,  0.0000,  0.0000, -0.0003,  0.0000,  0.0000,  2.0000,
   -131.5757, -0.0001,  0.0000,  0.0000, -0.0001,  0.0000,  0.0000,  0.0000,  0.0000,  0.0002,  2.0000,
   -131.5733,  0.0001, -0.0001,  0.0000,  0.0000,  0.0000,  0.0000,  0.0000,  0.0000, -0.0001,  2.0000,
   -131.5718,  0.0001,  0.0002,  0.0000, -0.0001,  0.0000,  0.0000,  0.0000,  0.0000,  0.0000,  2.0000,
   -131.5701,  0.0000, -0.0001,  0.0000,  0.0000,  0.0000,  0.0000,  0.0000,  0.0000,  0.0001,  2.0000,
   -131.5701,  0.0001,  0.0000,  0.0000, -0.0001,  0.0000,  0.0000,  0.0000,  0.0000, -0.0003,  2.0000,
   -131.5694,  0.0000, -0.0002,  0.0000, -0.0001,  0.0000,  0.0000,  0.0000,  0.0000,  0.0002,  2.0000,
   -131.5691,  0.0001, -0.0001,  0.0000, -0.0001,  0.0000,  0.0000,  0.0000,  0.0000,  0.0002,  2.0000,
   -131.5666,  0.0001,  0.0000,  0.0000,  0.0000,  0.0000,  0.0000,  0.0000,  0.0000,  0.0000,  2.0000,
   -131.5645,  0.0000, -0.0001,  0.0000, -0.0001,  0.0000,  0.0000,  0.0000,  0.0000,  0.0002,  2.0000,
   -131.5641, -0.0001,  0.0003,  0.0000,  0.0000,  0.0000,  0.0000,  0.0000,  0.0000, -0.0001,  2.0000,
   -131.5571, -0.0001,  0.0001,  0.0000, -0.0001,  0.0000,  0.0000,  0.0000,  0.0000,  0.0001,  2.0000,
   -131.5452,  0.0000,  0.0001, -0.0001,  0.0000,  0.0000,  0.0000,  0.0000,  0.0000,  0.0000,  2.0000,
   -131.5452,  0.0000,  0.0000,  0.0000,  0.0000,  0.0000,  0.0000,  0.0000,  0.0000,  0.0000,  2.0000,
   -131.5437,  0.0000,  0.0001, -0.0001,  0.0000,  0.0000,  0.0000,  0.0000,  0.0000,  0.0000,  2.0000,
   -131.5425, -0.0001, -0.0002,  0.0000, -0.0001,  0.0000,  0.0000,  0.0000,  0.0000,  0.0003,  2.0000,
   -131.5386,  0.0000,  0.0000,  0.0001,  0.0000,  0.0000,  0.0000,  0.0000,  0.0000,  0.0000,  2.0000,
    -89.3006,  0.0000,  0.0000,  0.0000,  0.0000, -0.0001,  0.0000,  0.0000,  0.0000,  0.0000,  2.0000,
    -89.2990,  0.0000,  0.0000,  0.0000,  0.0000, -0.0001,  0.0000,  0.0000,  0.0000,  0.0000,  2.0000,
    -89.1276,  0.0000,  0.0000, -0.0001,  0.0000,  0.0002,  0.0000,  0.0000,  0.0000,  0.0000,  2.0000,
    -89.1020,  0.0000,  0.0000,  0.0000,  0.0000,  0.0000,  0.0000,  0.0000,  0.0001,  0.0000,  2.0000,
    -89.1018,  0.0000,  0.0000,  0.0000,  0.0000,  0.0000,  0.0000,  0.0000, -0.0001,  0.0000,  2.0000,
    -89.1016,  0.0000, -0.0001,  0.0000,  0.0000,  0.0001,  0.0000,  0.0000,  0.0003,  0.0000,  2.0000,
    -89.1013,  0.0000,  0.0000,  0.0000, -0.0001,  0.0000,  0.0000,  0.0000,  0.0002,  0.0000,  2.0000,
    -89.0990,  0.0000, -0.0001,  0.0000, -0.0001,  0.0000,  0.0000,  0.0000,  0.0001,  0.0000,  2.0000,
    -89.0988,  0.0000,  0.0000,  0.0000,  0.0001,  0.0000,  0.0000,  0.0000, -0.0001,  0.0000,  2.0000,
    -89.0978,  0.0000,  0.0000,  0.0000,  0.0000,  0.0000,  0.0000,  0.0000,  0.0003,  0.0000,  2.0000,
    -89.0960,  0.0000,  0.0000,  0.0000,  0.0000,  0.0000,  0.0000,  0.0000,  0.0000,  0.0000,  2.0000,
    -89.0946,  0.0000,  0.0000,  0.0000, -0.0001,  0.0000,  0.0000,  0.0000, -0.0001,  0.0000,  2.0000,
    -89.0939,  0.0000, -0.0001,  0.0000,  0.0000,  0.0000,  0.0000,  0.0000,  0.0004,  0.0000,  2.0000,
    -89.0937,  0.0000,  0.0000,  0.0000,  0.0000,  0.0000,  0.0000,  0.0000,  0.0000,  0.0000,  2.0000,
    -89.0909,  0.0000, -0.0001,  0.0000, -0.0001,  0.0000,  0.0000,  0.0000,  0.0000,  0.0000,  2.0000,
    -89.0856,  0.0000,  0.0000,  0.0000, -0.0001,  0.0000,  0.0000,  0.0000,  0.0000,  0.0000,  2.0000,
    -89.0854,  0.0000,  0.0000,  0.0000, -0.0005, -0.0001,  0.0000,  0.0000,  0.0000,  0.0000,  2.0000,
    -89.0834,  0.0000, -0.0001,  0.0000, -0.0001,  0.0001,  0.0000,  0.0000,  0.0000,  0.0000,  2.0000,
    -89.0829,  0.0000, -0.0001,  0.0000, -0.0001,  0.0001,  0.0000,  0.0000,  0.0000,  0.0000,  2.0000,
    -89.0813,  0.0000,  0.0000,  0.0000, -0.0001,  0.0000,  0.0000,  0.0000,  0.0000,  0.0000,  2.0000,
    -89.0813,  0.0000, -0.0001,  0.0000,  0.0000,  0.0001,  0.0000,  0.0000,  0.0000,  0.0000,  2.0000,
    -89.0810,  0.0000, -0.0001,  0.0000,  0.0002,  0.0001,  0.0000,  0.0000,  0.0000,  0.0000,  2.0000,
    -89.0805,  0.0000,  0.0000,  0.0000, -0.0001,  0.0000,  0.0000,  0.0000,  0.0000,  0.0000,  2.0000,
    -89.0797, -0.0001,  0.0000,  0.0000,  0.0000,  0.0000,  0.0000,  0.0002,  0.0000,  0.0000,  2.0000,
    -89.0796,  0.0000,  0.0000,  0.0000,  0.0000,  0.0000,  0.0000, -0.0003,  0.0000,  0.0000,  2.0000,
    -89.0789,  0.0000,  0.0000,  0.0000, -0.0001, -0.0002,  0.0000,  0.0000,  0.0000,  0.0000,  2.0000,
    -89.0757,  0.0000,  0.0000,  0.0000,  0.0000,  0.0000,  0.0000,  0.0000,  0.0000,  0.0000,  2.0000,
    -89.0756, -0.0001,  0.0000,  0.0000, -0.0001,  0.0000,  0.0000, -0.0001,  0.0000,  0.0000,  2.0000,
    -89.0741, -0.0001,  0.0000,  0.0000,  0.0000,  0.0000,  0.0000,  0.0001,  0.0000,  0.0000,  2.0000,
    -89.0739,  0.0000,  0.0000,  0.0000,  0.0000,  0.0000,  0.0000,  0.0000,  0.0000,  0.0000,  2.0000,
    -89.0731, -0.0001,  0.0000,  0.0000, -0.0001,  0.0000,  0.0000,  0.0003,  0.0000,  0.0000,  2.0000,
    -89.0701,  0.0000,  0.0000,  0.0000,  0.0000,  0.0000,  0.0000,  0.0001,  0.0000,  0.0000,  2.0000,
    -89.0699,  0.0000,  0.0000,  0.0000,  0.0000,  0.0001,  0.0000,  0.0000,  0.0000,  0.0000,  2.0000,
    -89.0691,  0.0000,  0.0000,  0.0000,  0.0000,  0.0000,  0.0000,  0.0000, -0.0001,  0.0000,  2.0000,
    -89.0686,  0.0000,  0.0000,  0.0000,  0.0000, -0.0001,  0.0000,  0.0000,  0.0000,  0.0000,  2.0000,
    -89.0659,  0.0000,  0.0000,  0.0000, -0.0001,  0.0000,  0.0000,  0.0000,  0.0000,  0.0000,  2.0000,
    -89.0656,  0.0000,  0.0000,  0.0000,  0.0001,  0.0000,  0.0000,  0.0001,  0.0000,  0.0000,  2.0000,
    -89.0619,  0.0000,  0.0000,  0.0000,  0.0000,  0.0000,  0.0000, -0.0001,  0.0000,  0.0000,  2.0000,
    -89.0595,  0.0000,  0.0000,  0.0000,  0.0000,  0.0000,  0.0000,  0.0000,  0.0000,  0.0000,  2.0000,
    -89.0594,  0.0000,  0.0000,  0.0000,  0.0001,  0.0000,  0.0000,  0.0000,  0.0000,  0.0000,  2.0000,
    -89.0564,  0.0001,  0.0000,  0.0000, -0.0002,  0.0000,  0.0000,  0.0000,  0.0000,  0.0000,  2.0000,
    -89.0559,  0.0000,  0.0000,  0.0000,  0.0000, -0.0001,  0.0000,  0.0000,  0.0000,  0.0000,  2.0000,
    -89.0550,  0.0000, -0.0001,  0.0000,  0.0002,  0.0001,  0.0000,  0.0000,  0.0000,  0.0000,  2.0000,
    -89.0527,  0.0000,  0.0000,  0.0000, -0.0002, -0.0002,  0.0000,  0.0000,  0.0000,  0.0000,  2.0000,
    -89.0513,  0.0001,  0.0000,  0.0000, -0.0002,  0.0000,  0.0000,  0.0000,  0.0000,  0.0000,  2.0000,
    -89.0466,  0.0000,  0.0000,  0.0000, -0.0001,  0.0000,  0.0000,  0.0000,  0.0000,  0.0000,  2.0000,
    -89.0437,  0.0000,  0.0001,  0.0000, -0.0001,  0.0000,  0.0000,  0.0000,  0.0000,  0.0000,  2.0000,
    -89.0435, -0.0001,  0.0000,  0.0000,  0.0002,  0.0000,  0.0000,  0.0000,  0.0000,  0.0000,  2.0000,
    -89.0424,  0.0000,  0.0000,  0.0000,  0.0000,  0.0000,  0.0000,  0.0000,  0.0000,  0.0000,  2.0000,
    -89.0383, -0.0001, -0.0001,  0.0000,  0.0000,  0.0000,  0.0000,  0.0000,  0.0000, -0.0001,  2.0000,
    -89.0381,  0.0000,  0.0000,  0.0000,  0.0000,  0.0000,  0.0000,  0.0000,  0.0000,  0.0001,  2.0000,
    -89.0379, -0.0002,  0.0000,  0.0000, -0.0001,  0.0000,  0.0000,  0.0000,  0.0000,  0.0000,  2.0000,
    -89.0370,  0.0000,  0.0001,  0.0000,  0.0000,  0.0000,  0.0000,  0.0000,  0.0000,  0.0000,  2.0000,
    -89.0354,  0.0000, -0.0001,  0.0000,  0.0001,  0.0001,  0.0000,  0.0000,  0.0000,  0.0000,  2.0000,
    -89.0348,  0.0000,  0.0000,  0.0000,  0.0000, -0.0001,  0.0000,  0.0000,  0.0001,  0.0000,  2.0000,
    -89.0346,  0.0000,  0.0002,  0.0000,  0.0000,  0.0000,  0.0000,  0.0000,  0.0000,  0.0002,  2.0000,
    -89.0334,  0.0000,  0.0000,  0.0000, -0.0001,  0.0000,  0.0000,  0.0000,  0.0000,  0.0003,  2.0000,
    -89.0317,  0.0000,  0.0000,  0.0000,  0.0000,  0.0000,  0.0000,  0.0000,  0.0000,  0.0003,  2.0000,
    -89.0287,  0.0000,  0.0000,  0.0000,  0.0000,  0.0000,  0.0000,  0.0000,  0.0000,  0.0002,  2.0000,
    -89.0242,  0.0000, -0.0002,  0.0000, -0.0001,  0.0000,  0.0000,  0.0000,  0.0000,  0.0000,  2.0000,
    -89.0234,  0.0000,  0.0000,  0.0000, -0.0001,  0.0000,  0.0000,  0.0000,  0.0000, -0.0001,  2.0000,
    -89.0234,  0.0000,  0.0001,  0.0000, -0.0001,  0.0000,  0.0000,  0.0000,  0.0000, -0.0001,  2.0000,
    -89.0216, -0.0002, -0.0001,  0.0000, -0.0002,  0.0000,  0.0000,  0.0000,  0.0000,  0.0000,  2.0000,
    -89.0204,  0.0000, -0.0003,  0.0000, -0.0002,  0.0000,  0.0000,  0.0000,  0.0000,  0.0000,  2.0000,
    -89.0182,  0.0000,  0.0001,  0.0000,  0.0000,  0.0000,  0.0000,  0.0000,  0.0000,  0.0000,  2.0000,
    -89.0174,  0.0001,  0.0000,  0.0000,  0.0000,  0.0000,  0.0000,  0.0000,  0.0000,  0.0000,  2.0000,
    -89.0173,  0.0000, -0.0001,  0.0000,  0.0000,  0.0000,  0.0000,  0.0000,  0.0000,  0.0000,  2.0000,
    -89.0173,  0.0000, -0.0001,  0.0000, -0.0001,  0.0000,  0.0000,  0.0000,  0.0000,  0.0000,  2.0000,
    -89.0165,  0.0001, -0.0001,  0.0000, -0.0001,  0.0000,  0.0000,  0.0000,  0.0000,  0.0000,  2.0000,
    -89.0160,  0.0001, -0.0001,  0.0000,  0.0000,  0.0000,  0.0000,  0.0000,  0.0000,  0.0000,  2.0000,
    -89.0152,  0.0000,  0.0000,  0.0000, -0.0001,  0.0000,  0.0000,  0.0000,  0.0000,  0.0000,  2.0000,
    -89.0136,  0.0000, -0.0001,  0.0000,  0.0000, -0.0001,  0.0000,  0.0000,  0.0000,  0.0000,  2.0000,
    -89.0130,  0.0000, -0.0002,  0.0000,  0.0000,  0.0000,  0.0000,  0.0000,  0.0000,  0.0000,  2.0000,
    -89.0124, -0.0002, -0.0002,  0.0000, -0.0002,  0.0000,  0.0000,  0.0000,  0.0000,  0.0000,  2.0000,
    -89.0103,  0.0000,  0.0001,  0.0000,  0.0000,  0.0000,  0.0000,  0.0000,  0.0000,  0.0000,  2.0000,
    -89.0077,  0.0000,  0.0001,  0.0000,  0.0000,  0.0000,  0.0000,  0.0000,  0.0000,  0.0000,  2.0000,
    -89.0075,  0.0000,  0.0000,  0.0000,  0.0000, -0.0001,  0.0000,  0.0000,  0.0000,  0.0000,  2.0000,
    -89.0059,  0.0000,  0.0001,  0.0000,  0.0000,  0.0000,  0.0000,  0.0000,  0.0000,  0.0000,  2.0000,
    -89.0057,  0.0000,  0.0001,  0.0000,  0.0000,  0.0000,  0.0000,  0.0000,  0.0000,  0.0000,  2.0000,
    -89.0052,  0.0000,  0.0002,  0.0000,  0.0000,  0.0000,  0.0000,  0.0000,  0.0000,  0.0000,  2.0000,
    -89.0052,  0.0000,  0.0000,  0.0000,  0.0000, -0.0001,  0.0000,  0.0000,  0.0000,  0.0000,  2.0000,
    -89.0045,  0.0000, -0.0001,  0.0000,  0.0000, -0.0001,  0.0000,  0.0000,  0.0000,  0.0000,  2.0000,
    -88.9997,  0.0000,  0.0001,  0.0000,  0.0000,  0.0000,  0.0000,  0.0000,  0.0000,  0.0000,  2.0000,
    -88.9989,  0.0000,  0.0001,  0.0000,  0.0000,  0.0000,  0.0000,  0.0000,  0.0000,  0.0000,  2.0000,
    -88.9948,  0.0000,  0.0000,  0.0000,  0.0000, -0.0001,  0.0000,  0.0000,  0.0001,  0.0000,  2.0000,
    -88.9938, -0.0001, -0.0003,  0.0000, -0.0001,  0.0000,  0.0000,  0.0000,  0.0000,  0.0001,  2.0000,
    -88.9922, -0.0001,  0.0000,  0.0000,  0.0000,  0.0000,  0.0000,  0.0000,  0.0000,  0.0000,  2.0000,
    -88.9917,  0.0000,  0.0000,  0.0000,  0.0000,  0.0000,  0.0000,  0.0000,  0.0000,  0.0000,  2.0000,
    -88.9897,  0.0000, -0.0002,  0.0000,  0.0000, -0.0003,  0.0000,  0.0000,  0.0000,  0.0000,  2.0000,
    -88.9825,  0.0000,  0.0000,  0.0000,  0.0001,  0.0001,  0.0001,  0.0000,  0.0000,  0.0000,  2.0000,
    -88.9813, -0.0001,  0.0000,  0.0000, -0.0001,  0.0000,  0.0000,  0.0000,  0.0000,  0.0000,  2.0000,
    -88.9734,  0.0000,  0.0000,  0.0000,  0.0000,  0.0000,  0.0000,  0.0000,  0.0000,  0.0000,  2.0000,
    -88.9603,  0.0000,  0.0000,  0.0000,  0.0000,  0.0000,  0.0000,  0.0000,  0.0000,  0.0000,  2.0000,
    -88.9511, -0.0001,  0.0000,  0.0000,  0.0000,  0.0000,  0.0000,  0.0003,  0.0000,  0.0000,  2.0000,
    -88.9495, -0.0001,  0.0001,  0.0000, -0.0001,  0.0000,  0.0000,  0.0000,  0.0000,  0.0000,  2.0000,
    -88.9494,  0.0000, -0.0001,  0.0000,  0.0000,  0.0000,  0.0000,  0.0000,  0.0000,  0.0000,  2.0000,
    -88.9308,  0.0000, -0.0001,  0.0000,  0.0001,  0.0000,  0.0000,  0.0000,  0.0000,  0.0000,  2.0000,
    -88.9187,  0.0000, -0.0001,  0.0000,  0.0000,  0.0000,  0.0000,  0.0000,  0.0000, -0.0001,  2.0000,
    -88.8993,  0.0000,  0.0002,  0.0000,  0.0000, -0.0001,  0.0000,  0.0000,  0.0000,  0.0000,  2.0000,
    -88.8950,  0.0000,  0.0001,  0.0000,  0.0000,  0.0000,  0.0000,  0.0000,  0.0000,  0.0001,  2.0000,
    -88.8733, -0.0001,  0.0000,  0.0000, -0.0001,  0.0000,  0.0000, -0.0001,  0.0000,  0.0000,  2.0000,
    -88.8717, -0.0001, -0.0001,  0.0000, -0.0001,  0.0000,  0.0000,  0.0000,  0.0000,  0.0000,  2.0000,
    -88.8519,  0.0000, -0.0002,  0.0000,  0.0000,  0.0000,  0.0000,  0.0000,  0.0000,  0.0000,  2.0000,
    -88.8360,  0.0000,  0.0000,  0.0001,  0.0000,  0.0000,  0.0000,  0.0000,  0.0000,  0.0000,  2.0000,
    -88.7920, -0.0001,  0.0001,  0.0000,  0.0000,  0.0000,  0.0000,  0.0000,  0.0000, -0.0001,  2.0000,
    -12.0143,  0.0644,  0.3374,  0.0817,  0.2370,  0.2190,  0.0020,  0.0115,  0.0278,  0.0192,  2.0000,
    -11.4850,  0.1349,  0.3301,  0.0046,  0.3412,  0.0853,  0.0020,  0.0301,  0.0356,  0.0360,  2.0000,
    -11.4639,  0.1379,  0.3258,  0.0052,  0.3416,  0.0850,  0.0011,  0.0319,  0.0351,  0.0364,  2.0000,
    -11.4460,  0.1328,  0.3311,  0.0052,  0.3415,  0.0850,  0.0055,  0.0298,  0.0324,  0.0366,  2.0000,
    -11.0016,  0.3337,  0.1361,  0.0003,  0.3652,  0.0091,  0.0012,  0.0954,  0.0147,  0.0443,  2.0000,
    -10.9741,  0.3367,  0.1329,  0.0005,  0.3646,  0.0090,  0.0010,  0.0961,  0.0145,  0.0448,  2.0000,
    -10.7199,  0.0278,  0.4256,  0.0041,  0.3275,  0.0975,  0.0058,  0.0042,  0.0594,  0.0480,  2.0000,
    -10.7135,  0.0506,  0.3859,  0.0255,  0.3131,  0.1088,  0.0047,  0.0118,  0.0536,  0.0460,  2.0000,
    -10.7008,  0.0555,  0.3791,  0.0267,  0.3097,  0.1108,  0.0017,  0.0138,  0.0562,  0.0466,  2.0000,
    -10.6789,  0.1955,  0.1309,  0.1553,  0.2081,  0.1978,  0.0029,  0.0643,  0.0118,  0.0332,  2.0000,
    -10.3010,  0.3276,  0.1938,  0.0090,  0.1385,  0.1540,  0.0001,  0.1303,  0.0299,  0.0167,  2.0000,
    -10.2752,  0.3277,  0.1916,  0.0098,  0.1416,  0.1552,  0.0057,  0.1273,  0.0239,  0.0171,  2.0000,
    -10.2679,  0.3285,  0.1923,  0.0095,  0.1389,  0.1546,  0.0009,  0.1289,  0.0297,  0.0166,  2.0000,
    -10.1224,  0.0241,  0.4070,  0.0000,  0.3908,  0.0219,  0.0017,  0.0003,  0.0812,  0.0730,  2.0000,
    -10.1195,  0.0238,  0.4090,  0.0002,  0.3903,  0.0227,  0.0053,  0.0003,  0.0761,  0.0723,  2.0000,
    -10.0858,  0.0249,  0.4053,  0.0000,  0.3927,  0.0231,  0.0141,  0.0006,  0.0658,  0.0735,  2.0000,
     -9.5321,  0.2815,  0.1938,  0.1309,  0.1020,  0.0761,  0.0003,  0.1535,  0.0516,  0.0103,  2.0000,
     -9.5160,  0.2171,  0.3990,  0.0084,  0.1081,  0.0332,  0.0149,  0.1192,  0.0957,  0.0044,  2.0000,
     -9.5060,  0.2095,  0.4113,  0.0055,  0.1083,  0.0331,  0.0079,  0.1137,  0.1065,  0.0041,  2.0000,
     -8.6148,  0.1705,  0.1188,  0.0056,  0.3503,  0.0838,  0.0001,  0.1201,  0.0128,  0.1379,  2.0000,
     -8.5999,  0.1605,  0.1335,  0.0054,  0.3519,  0.0769,  0.0012,  0.1110,  0.0207,  0.1388,  2.0000,
     -8.5872,  0.1648,  0.1240,  0.0060,  0.3516,  0.0811,  0.0024,  0.1170,  0.0136,  0.1394,  2.0000,
     -8.5559,  0.0461,  0.3017,  0.0007,  0.3505,  0.0330,  0.0006,  0.0120,  0.1191,  0.1361,  2.0000,
     -8.5501,  0.0371,  0.3179,  0.0003,  0.3508,  0.0293,  0.0032,  0.0037,  0.1218,  0.1359,  2.0000,
     -8.5285,  0.0478,  0.3037,  0.0006,  0.3476,  0.0338,  0.0259,  0.0134,  0.0912,  0.1359,  2.0000,
     -8.0834,  0.1189,  0.1923,  0.0002,  0.3248,  0.0110,  0.0107,  0.1037,  0.0770,  0.1613,  2.0000,
     -8.0787,  0.1208,  0.1875,  0.0006,  0.3252,  0.0127,  0.0035,  0.1043,  0.0817,  0.1637,  2.0000,
     -7.9766,  0.0467,  0.2126,  0.0942,  0.2377,  0.1198,  0.0036,  0.0400,  0.0961,  0.1491,  2.0000,
     -7.9716,  0.0250,  0.2931,  0.0221,  0.2416,  0.1336,  0.0026,  0.0059,  0.1336,  0.1425,  2.0000,
     -7.9550,  0.0263,  0.2835,  0.0235,  0.2473,  0.1319,  0.0132,  0.0069,  0.1204,  0.1469,  2.0000,
     -7.9464,  0.0250,  0.2906,  0.0228,  0.2442,  0.1270,  0.0261,  0.0067,  0.1142,  0.1434,  2.0000,
     -7.2981,  0.0190,  0.3080,  0.0391,  0.1114,  0.1894,  0.0032,  0.0158,  0.2502,  0.0639,  2.0000,
     -7.2772,  0.0185,  0.3083,  0.0440,  0.1079,  0.1958,  0.0362,  0.0154,  0.2127,  0.0612,  2.0000,
     -7.2560,  0.0188,  0.3099,  0.0457,  0.1066,  0.1946,  0.0207,  0.0153,  0.2277,  0.0607,  2.0000,
     -5.9535,  0.0216,  0.3162,  0.1136,  0.0753,  0.1600,  0.0231,  0.0096,  0.2669,  0.0136,  2.0000,
     -5.8013,  0.0238,  0.3234,  0.0100,  0.2218,  0.0797,  0.0008,  0.0104,  0.2016,  0.1285,  2.0000,
     -5.7745,  0.0978,  0.2559,  0.0066,  0.2074,  0.0611,  0.0236,  0.1032,  0.1235,  0.1208,  2.0000,
     -5.7621,  0.2201,  0.1636,  0.0039,  0.1367,  0.0374,  0.0000,  0.2721,  0.0965,  0.0694,  2.0000,
     -5.7459,  0.1972,  0.1828,  0.0048,  0.1428,  0.0436,  0.0041,  0.2455,  0.1065,  0.0727,  2.0000,
     -5.7331,  0.3550,  0.0576,  0.0009,  0.0685,  0.0113,  0.0069,  0.4542,  0.0239,  0.0216,  2.0000,
     -5.7230,  0.3994,  0.0210,  0.0001,  0.0452,  0.0017,  0.0001,  0.5225,  0.0056,  0.0042,  2.0000,
     -5.7030,  0.1794,  0.1491,  0.0030,  0.2384,  0.0477,  0.0017,  0.1740,  0.0531,  0.1535,  2.0000,
     -5.6926,  0.2186,  0.1265,  0.0029,  0.2008,  0.0379,  0.0153,  0.2406,  0.0342,  0.1231,  2.0000,
     -5.6891,  0.2048,  0.1341,  0.0027,  0.2139,  0.0400,  0.0066,  0.2184,  0.0470,  0.1324,  2.0000,
     -5.6714,  0.3785,  0.0282,  0.0008,  0.0553,  0.0067,  0.0031,  0.4947,  0.0116,  0.0208,  2.0000,
     -5.6516,  0.3868,  0.0267,  0.0006,  0.0537,  0.0051,  0.0007,  0.4969,  0.0118,  0.0176,  2.0000,
     -5.3672,  0.0412,  0.1927,  0.0222,  0.3214,  0.1401,  0.0007,  0.0134,  0.0081,  0.2601,  2.0000,
     -5.3390,  0.1223,  0.1595,  0.0058,  0.3617,  0.0390,  0.0032,  0.0557,  0.0261,  0.2267,  2.0000,
     -5.2972,  0.1449,  0.1488,  0.0027,  0.3716,  0.0152,  0.0026,  0.0643,  0.0297,  0.2202,  2.0000,
     -5.2805,  0.1431,  0.1590,  0.0039,  0.3646,  0.0195,  0.0007,  0.0650,  0.0366,  0.2077,  2.0000,
     -4.9475,  0.0052,  0.3308,  0.0000,  0.2623,  0.0513,  0.0324,  0.0010,  0.1550,  0.1618,  2.0000,
     -4.9264,  0.0049,  0.3306,  0.0001,  0.2647,  0.0485,  0.0082,  0.0007,  0.1810,  0.1612,  2.0000,
     -4.8937,  0.0062,  0.3269,  0.0001,  0.2645,  0.0490,  0.0118,  0.0011,  0.1740,  0.1664,  2.0000,
     -4.7069,  0.3308,  0.1485,  0.0027,  0.3277,  0.0027,  0.0009,  0.1619,  0.0215,  0.0031,  2.0000,
     -4.4778,  0.1296,  0.3412,  0.0037,  0.1787,  0.0647,  0.0395,  0.0584,  0.1705,  0.0136,  2.0000,
     -4.4676,  0.1315,  0.3354,  0.0038,  0.1778,  0.0696,  0.0002,  0.0602,  0.2079,  0.0136,  2.0000,
     -4.3481,  0.0996,  0.3718,  0.0003,  0.2766,  0.0447,  0.0068,  0.0518,  0.1196,  0.0287,  2.0000,
     -4.3184,  0.0861,  0.3808,  0.0010,  0.2654,  0.0482,  0.0087,  0.0468,  0.1352,  0.0278,  2.0000,
     -4.3029,  0.0895,  0.3862,  0.0003,  0.2712,  0.0412,  0.0225,  0.0479,  0.1185,  0.0225,  2.0000,
     -4.2481,  0.0612,  0.2981,  0.0008,  0.3012,  0.0761,  0.0168,  0.0151,  0.0892,  0.1415,  2.0000,
     -4.2252,  0.0658,  0.2995,  0.0001,  0.3015,  0.0702,  0.0002,  0.0142,  0.1101,  0.1383,  2.0000,
     -4.1953,  0.0641,  0.2972,  0.0001,  0.3035,  0.0727,  0.0070,  0.0139,  0.1033,  0.1383,  2.0000,
     -4.0485,  0.1355,  0.1650,  0.0475,  0.3131,  0.1171,  0.0027,  0.0257,  0.0491,  0.1442,  2.0000,
     -4.0210,  0.1422,  0.1594,  0.0482,  0.3086,  0.1198,  0.0011,  0.0301,  0.0466,  0.1439,  2.0000,
     -4.0105,  0.1416,  0.1594,  0.0515,  0.3094,  0.1180,  0.0078,  0.0276,  0.0337,  0.1509,  2.0000,
     -3.7861,  0.1524,  0.2251,  0.0988,  0.2961,  0.2074,  0.0002,  0.0015,  0.0050,  0.0133,  2.0000,
     -3.7676,  0.1378,  0.2307,  0.1106,  0.2785,  0.2242,  0.0008,  0.0013,  0.0058,  0.0103,  2.0000,
     -3.7316,  0.1375,  0.2352,  0.1125,  0.2817,  0.2171,  0.0000,  0.0016,  0.0047,  0.0097,  2.0000,
     -3.5770,  0.0631,  0.4413,  0.0008,  0.3769,  0.0845,  0.0012,  0.0184,  0.0126,  0.0011,  2.0000,
     -3.5663,  0.0627,  0.4427,  0.0008,  0.3811,  0.0789,  0.0025,  0.0207,  0.0088,  0.0018,  2.0000,
     -3.5200,  0.0624,  0.4441,  0.0002,  0.3783,  0.0850,  0.0000,  0.0173,  0.0120,  0.0007,  2.0000,
     -3.2747,  0.0604,  0.3997,  0.0097,  0.2723,  0.1840,  0.0002,  0.0186,  0.0299,  0.0252,  2.0000,
     -3.2659,  0.0699,  0.3970,  0.0100,  0.2709,  0.1783,  0.0046,  0.0227,  0.0248,  0.0218,  2.0000,
     -3.0680,  0.0272,  0.4637,  0.0057,  0.4874,  0.0118,  0.0002,  0.0027,  0.0008,  0.0005,  2.0000,
     -3.0018,  0.1648,  0.2182,  0.1156,  0.2244,  0.2193,  0.0001,  0.0371,  0.0197,  0.0009,  2.0000,
     -2.9767,  0.1724,  0.2198,  0.1093,  0.2408,  0.2009,  0.0033,  0.0388,  0.0140,  0.0006,  2.0000,
     -2.9433,  0.1731,  0.2139,  0.1192,  0.2351,  0.2013,  0.0003,  0.0393,  0.0171,  0.0006,  2.0000,
     -2.7877,  0.1491,  0.3471,  0.0008,  0.3775,  0.1026,  0.0005,  0.0118,  0.0047,  0.0059,  2.0000,
     -2.7752,  0.1567,  0.3399,  0.0006,  0.3947,  0.0893,  0.0001,  0.0109,  0.0048,  0.0031,  2.0000,
     -2.7520,  0.1436,  0.3471,  0.0004,  0.3722,  0.1135,  0.0000,  0.0138,  0.0047,  0.0047,  2.0000,
     -2.7276,  0.1509,  0.3036,  0.0034,  0.3436,  0.0901,  0.0000,  0.0533,  0.0146,  0.0405,  2.0000,
     -2.7036,  0.1403,  0.3162,  0.0038,  0.3351,  0.1005,  0.0029,  0.0496,  0.0088,  0.0427,  2.0000,
     -2.5469,  0.1440,  0.3106,  0.0131,  0.3545,  0.1071,  0.0061,  0.0142,  0.0177,  0.0327,  2.0000,
     -2.5275,  0.1464,  0.3192,  0.0090,  0.3658,  0.1014,  0.0002,  0.0122,  0.0188,  0.0270,  2.0000,
     -2.5126,  0.1375,  0.3004,  0.0230,  0.3334,  0.1279,  0.0047,  0.0127,  0.0245,  0.0357,  2.0000,
     -2.5076,  0.1090,  0.3189,  0.0310,  0.3068,  0.1524,  0.0028,  0.0130,  0.0280,  0.0381,  2.0000,
     -2.4912,  0.0921,  0.3224,  0.0359,  0.2772,  0.1669,  0.0000,  0.0173,  0.0384,  0.0497,  2.0000,
     -2.4677,  0.0997,  0.3277,  0.0317,  0.2935,  0.1580,  0.0011,  0.0143,  0.0307,  0.0432,  2.0000,
      1.5761,  0.0377,  0.3431,  0.0423,  0.2433,  0.2548,  0.0031,  0.0069,  0.0260,  0.0428,  0.0000,
      1.7082,  0.1095,  0.3297,  0.1034,  0.2121,  0.2015,  0.0003,  0.0151,  0.0227,  0.0058,  0.0000,
      1.7235,  0.1042,  0.3393,  0.1151,  0.1902,  0.2022,  0.0007,  0.0142,  0.0269,  0.0070,  0.0000,
      1.7344,  0.1003,  0.3286,  0.0930,  0.2234,  0.2126,  0.0021,  0.0162,  0.0148,  0.0089,  0.0000,
      1.7580,  0.0630,  0.3291,  0.0650,  0.2710,  0.2376,  0.0002,  0.0094,  0.0084,  0.0163,  0.0000,
      1.8111,  0.0723,  0.3344,  0.0654,  0.2787,  0.2144,  0.0006,  0.0097,  0.0089,  0.0155,  0.0000,
      2.1245,  0.0455,  0.4155,  0.0067,  0.3078,  0.1584,  0.0025,  0.0154,  0.0129,  0.0353,  0.0000,
      2.1993,  0.0453,  0.4211,  0.0043,  0.3204,  0.1475,  0.0003,  0.0106,  0.0207,  0.0298,  0.0000,
      2.2314,  0.0887,  0.3732,  0.0094,  0.3086,  0.1424,  0.0000,  0.0285,  0.0101,  0.0391,  0.0000,
      2.2800,  0.1498,  0.3303,  0.0025,  0.3549,  0.1138,  0.0004,  0.0176,  0.0054,  0.0252,  0.0000,
      2.2991,  0.1417,  0.3337,  0.0076,  0.3421,  0.1203,  0.0001,  0.0154,  0.0088,  0.0303,  0.0000,
      2.3388,  0.1440,  0.3289,  0.0049,  0.3529,  0.1196,  0.0017,  0.0154,  0.0049,  0.0277,  0.0000,
      2.3572,  0.1785,  0.3147,  0.0033,  0.3742,  0.0878,  0.0002,  0.0236,  0.0013,  0.0165,  0.0000,
      2.4020,  0.1734,  0.3145,  0.0022,  0.4020,  0.0771,  0.0001,  0.0149,  0.0018,  0.0140,  0.0000,
      2.4259,  0.1732,  0.3194,  0.0061,  0.4025,  0.0771,  0.0000,  0.0154,  0.0022,  0.0041,  0.0000,
      2.5123,  0.1190,  0.3179,  0.0782,  0.2250,  0.1951,  0.0036,  0.0326,  0.0197,  0.0089,  0.0000,
      2.5675,  0.1575,  0.2929,  0.0302,  0.3042,  0.1307,  0.0016,  0.0332,  0.0158,  0.0337,  0.0000,
      2.6119,  0.1199,  0.3135,  0.0313,  0.3001,  0.1511,  0.0003,  0.0246,  0.0181,  0.0411,  0.0000,
      2.6281,  0.1378,  0.3096,  0.0332,  0.2991,  0.1428,  0.0001,  0.0279,  0.0188,  0.0307,  0.0000,
      2.6806,  0.0738,  0.3917,  0.0507,  0.2603,  0.1507,  0.0001,  0.0096,  0.0501,  0.0130,  0.0000,
      2.7271,  0.0644,  0.3882,  0.0520,  0.2909,  0.1336,  0.0076,  0.0019,  0.0471,  0.0144,  0.0000,
      2.8123,  0.1251,  0.3142,  0.0323,  0.3570,  0.0874,  0.0001,  0.0051,  0.0449,  0.0340,  0.0000,
      2.8617,  0.1764,  0.2430,  0.0994,  0.2431,  0.1925,  0.0001,  0.0063,  0.0234,  0.0159,  0.0000,
      2.8874,  0.1208,  0.3166,  0.0516,  0.2828,  0.1790,  0.0035,  0.0089,  0.0158,  0.0209,  0.0000,
      2.8928,  0.1609,  0.2752,  0.0696,  0.2844,  0.1623,  0.0006,  0.0077,  0.0201,  0.0192,  0.0000,
      2.9128,  0.1090,  0.3353,  0.0361,  0.3016,  0.1703,  0.0054,  0.0132,  0.0056,  0.0235,  0.0000,
      2.9292,  0.0858,  0.3657,  0.0185,  0.3007,  0.1840,  0.0001,  0.0137,  0.0092,  0.0225,  0.0000,
      2.9883,  0.1113,  0.3451,  0.0354,  0.3658,  0.1043,  0.0003,  0.0153,  0.0052,  0.0173,  0.0000,
      2.9968,  0.1183,  0.3459,  0.0368,  0.3688,  0.0944,  0.0011,  0.0134,  0.0061,  0.0154,  0.0000,
      3.0323,  0.0761,  0.3755,  0.0263,  0.3025,  0.1798,  0.0022,  0.0150,  0.0041,  0.0185,  0.0000,
      3.1253,  0.1945,  0.2209,  0.0119,  0.4659,  0.0484,  0.0022,  0.0092,  0.0198,  0.0272,  0.0000,
      3.1503,  0.1911,  0.2118,  0.0080,  0.4945,  0.0308,  0.0021,  0.0071,  0.0235,  0.0312,  0.0000,
      3.1754,  0.1916,  0.2014,  0.0131,  0.4918,  0.0353,  0.0000,  0.0061,  0.0276,  0.0332,  0.0000,
      3.3988,  0.0307,  0.4937,  0.0075,  0.3491,  0.0245,  0.0135,  0.0026,  0.0719,  0.0065,  0.0000,
      3.4266,  0.0254,  0.4992,  0.0097,  0.3366,  0.0308,  0.0119,  0.0029,  0.0760,  0.0075,  0.0000,
      3.4568,  0.0310,  0.4981,  0.0064,  0.3437,  0.0248,  0.0015,  0.0035,  0.0849,  0.0062,  0.0000,
      3.5637,  0.2358,  0.2126,  0.0217,  0.3895,  0.0840,  0.0001,  0.0448,  0.0025,  0.0090,  0.0000,
      3.6305,  0.3241,  0.1401,  0.0202,  0.3933,  0.0516,  0.0000,  0.0051,  0.0077,  0.0578,  0.0000,
      3.6763,  0.3160,  0.1393,  0.0249,  0.3924,  0.0567,  0.0000,  0.0048,  0.0087,  0.0572,  0.0000,
      3.7211,  0.0576,  0.5125,  0.0014,  0.3779,  0.0095,  0.0041,  0.0003,  0.0322,  0.0044,  0.0000,
      3.7545,  0.0442,  0.5318,  0.0001,  0.3766,  0.0065,  0.0055,  0.0006,  0.0329,  0.0018,  0.0000,
      3.7784,  0.0430,  0.5267,  0.0006,  0.3793,  0.0092,  0.0008,  0.0005,  0.0382,  0.0017,  0.0000,
      4.4805,  0.1750,  0.2949,  0.0196,  0.2873,  0.0856,  0.0045,  0.0048,  0.0771,  0.0512,  0.0000,
      4.5737,  0.3101,  0.2285,  0.0113,  0.3384,  0.0374,  0.0056,  0.0314,  0.0149,  0.0223,  0.0000,
      4.5925,  0.2774,  0.2730,  0.0231,  0.3048,  0.0588,  0.0002,  0.0184,  0.0292,  0.0150,  0.0000,
      4.6193,  0.2772,  0.2642,  0.0191,  0.3114,  0.0538,  0.0027,  0.0241,  0.0275,  0.0202,  0.0000,
      4.6482,  0.3149,  0.2266,  0.0107,  0.3282,  0.0394,  0.0002,  0.0365,  0.0195,  0.0240,  0.0000,
      4.7236,  0.3076,  0.2153,  0.0052,  0.3536,  0.0350,  0.0002,  0.0380,  0.0178,  0.0273,  0.0000,
      4.7438,  0.3043,  0.2194,  0.0033,  0.3750,  0.0234,  0.0021,  0.0371,  0.0100,  0.0255,  0.0000,
      4.8038,  0.1569,  0.3552,  0.0014,  0.4627,  0.0079,  0.0002,  0.0084,  0.0033,  0.0040,  0.0000,
      4.9156,  0.1169,  0.3635,  0.0204,  0.3714,  0.0771,  0.0011,  0.0209,  0.0011,  0.0276,  0.0000,
      4.9913,  0.1285,  0.3477,  0.0140,  0.3780,  0.0753,  0.0007,  0.0242,  0.0040,  0.0278,  0.0000,
      5.0064,  0.1303,  0.3519,  0.0190,  0.3691,  0.0765,  0.0002,  0.0232,  0.0021,  0.0277,  0.0000,
      5.1357,  0.1521,  0.2559,  0.0038,  0.3739,  0.1494,  0.0014,  0.0162,  0.0192,  0.0282,  0.0000,
      5.1689,  0.1700,  0.2885,  0.0029,  0.3226,  0.1575,  0.0050,  0.0105,  0.0218,  0.0211,  0.0000,
      5.1771,  0.1273,  0.2783,  0.0062,  0.3658,  0.1552,  0.0012,  0.0123,  0.0207,  0.0330,  0.0000,
      5.2119,  0.1479,  0.2983,  0.0039,  0.3111,  0.1745,  0.0010,  0.0114,  0.0294,  0.0224,  0.0000,
      5.2242,  0.1328,  0.2748,  0.0030,  0.3495,  0.1711,  0.0014,  0.0175,  0.0206,  0.0292,  0.0000,
      5.4654,  0.3680,  0.2470,  0.0085,  0.2605,  0.0857,  0.0009,  0.0167,  0.0086,  0.0042,  0.0000,
      5.4780,  0.3817,  0.2321,  0.0006,  0.2711,  0.0804,  0.0004,  0.0205,  0.0118,  0.0015,  0.0000,
      5.5017,  0.3593,  0.2474,  0.0026,  0.2810,  0.0824,  0.0000,  0.0122,  0.0072,  0.0079,  0.0000,
      5.5713,  0.1563,  0.3278,  0.0363,  0.3281,  0.1025,  0.0021,  0.0189,  0.0080,  0.0199,  0.0000,
      5.5826,  0.2347,  0.2870,  0.0342,  0.3045,  0.0830,  0.0025,  0.0302,  0.0114,  0.0127,  0.0000,
      5.5947,  0.1660,  0.3232,  0.0301,  0.3221,  0.1124,  0.0016,  0.0181,  0.0070,  0.0197,  0.0000,
      5.6182,  0.1207,  0.3391,  0.0164,  0.3816,  0.0993,  0.0002,  0.0097,  0.0044,  0.0286,  0.0000,
      5.6355,  0.1640,  0.3085,  0.0234,  0.3664,  0.0870,  0.0006,  0.0192,  0.0082,  0.0226,  0.0000,
      5.6527,  0.2015,  0.3041,  0.0344,  0.3195,  0.0896,  0.0002,  0.0241,  0.0115,  0.0151,  0.0000,
      5.9333,  0.2601,  0.2626,  0.0430,  0.2209,  0.1401,  0.0004,  0.0715,  0.0005,  0.0009,  0.0000,
      5.9651,  0.2600,  0.2613,  0.0453,  0.2171,  0.1440,  0.0000,  0.0709,  0.0009,  0.0005,  0.0000,
      6.6224,  0.1049,  0.3600,  0.0123,  0.3685,  0.1005,  0.0006,  0.0099,  0.0170,  0.0263,  0.0000,
      6.6436,  0.1017,  0.3666,  0.0116,  0.3578,  0.1040,  0.0010,  0.0100,  0.0189,  0.0284,  0.0000,
      6.6600,  0.0912,  0.3635,  0.0222,  0.3315,  0.1296,  0.0004,  0.0138,  0.0200,  0.0279,  0.0000,
      6.6885,  0.1015,  0.3656,  0.0121,  0.3636,  0.1002,  0.0018,  0.0108,  0.0162,  0.0282,  0.0000,
      6.7321,  0.0754,  0.3233,  0.0485,  0.2701,  0.1912,  0.0029,  0.0363,  0.0175,  0.0348,  0.0000,
      6.7595,  0.0743,  0.3215,  0.0517,  0.2567,  0.1999,  0.0016,  0.0389,  0.0196,  0.0358,  0.0000,
      6.9356,  0.2212,  0.4311,  0.0027,  0.2363,  0.0261,  0.0055,  0.0346,  0.0256,  0.0169,  0.0000,
      6.9593,  0.2191,  0.4228,  0.0025,  0.2457,  0.0251,  0.0022,  0.0376,  0.0287,  0.0165,  0.0000,
      7.1987,  0.6850,  0.0672,  0.0015,  0.1155,  0.0042,  0.0002,  0.1147,  0.0025,  0.0092,  0.0000,
      7.4063,  0.3682,  0.2149,  0.0004,  0.3974,  0.0012,  0.0000,  0.0156,  0.0011,  0.0011,  0.0000,
      7.4831,  0.5701,  0.1179,  0.0011,  0.2027,  0.0054,  0.0003,  0.0884,  0.0074,  0.0069,  0.0000,
      7.4974,  0.6187,  0.0990,  0.0005,  0.1599,  0.0060,  0.0011,  0.1014,  0.0066,  0.0069,  0.0000,
      7.6075,  0.6167,  0.0928,  0.0009,  0.1658,  0.0041,  0.0007,  0.1037,  0.0068,  0.0085,  0.0000,
      7.9508,  0.5157,  0.1576,  0.0062,  0.1731,  0.0372,  0.0002,  0.1006,  0.0041,  0.0055,  0.0000,
      8.0433,  0.5306,  0.1548,  0.0043,  0.1628,  0.0384,  0.0005,  0.0994,  0.0039,  0.0052,  0.0000,
      8.1538,  0.3436,  0.3387,  0.0383,  0.1275,  0.0752,  0.0000,  0.0460,  0.0272,  0.0035,  0.0000,
      8.1679,  0.3592,  0.3197,  0.0248,  0.1446,  0.0727,  0.0004,  0.0505,  0.0248,  0.0032,  0.0000,
      8.1900,  0.3492,  0.3240,  0.0280,  0.1495,  0.0728,  0.0054,  0.0482,  0.0200,  0.0030,  0.0000,
      8.4176,  0.0736,  0.3158,  0.0813,  0.3132,  0.1791,  0.0005,  0.0080,  0.0146,  0.0140,  0.0000,
      8.5068,  0.0524,  0.3480,  0.0821,  0.3133,  0.1716,  0.0031,  0.0098,  0.0162,  0.0034,  0.0000,
      8.5518,  0.1373,  0.2237,  0.0934,  0.3113,  0.1762,  0.0012,  0.0019,  0.0034,  0.0517,  0.0000,
      8.5754,  0.1055,  0.2584,  0.1068,  0.3003,  0.1816,  0.0003,  0.0032,  0.0087,  0.0352,  0.0000,
      8.6206,  0.0994,  0.2530,  0.1267,  0.2844,  0.1945,  0.0017,  0.0016,  0.0077,  0.0310,  0.0000,
      8.6900,  0.0524,  0.3964,  0.0170,  0.2478,  0.2292,  0.0001,  0.0166,  0.0132,  0.0274,  0.0000,
      8.7249,  0.1239,  0.4211,  0.0060,  0.2751,  0.1162,  0.0003,  0.0073,  0.0235,  0.0266,  0.0000,
      8.7332,  0.1279,  0.3541,  0.0321,  0.3444,  0.0858,  0.0074,  0.0057,  0.0238,  0.0189,  0.0000,
      8.7706,  0.1212,  0.2192,  0.0508,  0.4711,  0.0648,  0.0013,  0.0072,  0.0279,  0.0365,  0.0000,
      8.7929,  0.1440,  0.3413,  0.0148,  0.3574,  0.0798,  0.0002,  0.0045,  0.0256,  0.0322,  0.0000,
      8.8446,  0.1253,  0.3174,  0.0241,  0.3946,  0.0647,  0.0022,  0.0037,  0.0275,  0.0404,  0.0000,
      8.8574,  0.1208,  0.2941,  0.0355,  0.4097,  0.0687,  0.0032,  0.0056,  0.0256,  0.0368,  0.0000,
      9.0600,  0.0882,  0.5051,  0.0016,  0.3807,  0.0097,  0.0000,  0.0043,  0.0023,  0.0081,  0.0000,
      9.1049,  0.0947,  0.5279,  0.0006,  0.3484,  0.0106,  0.0003,  0.0040,  0.0052,  0.0083,  0.0000,
      9.1124,  0.1115,  0.4914,  0.0017,  0.3618,  0.0130,  0.0003,  0.0041,  0.0092,  0.0070,  0.0000,
      9.1725,  0.1058,  0.4915,  0.0049,  0.2668,  0.0426,  0.0021,  0.0014,  0.0621,  0.0228,  0.0000,
      9.2287,  0.1066,  0.4698,  0.0064,  0.2961,  0.0367,  0.0071,  0.0012,  0.0539,  0.0223,  0.0000,
      9.2346,  0.1024,  0.5166,  0.0033,  0.2334,  0.0568,  0.0149,  0.0023,  0.0542,  0.0162,  0.0000,
      9.3131,  0.1352,  0.2889,  0.0349,  0.4052,  0.0891,  0.0011,  0.0095,  0.0095,  0.0265,  0.0000,
      9.3864,  0.1172,  0.3710,  0.0195,  0.3569,  0.0787,  0.0004,  0.0073,  0.0297,  0.0194,  0.0000,
      9.4048,  0.1384,  0.3022,  0.0294,  0.3968,  0.0852,  0.0030,  0.0092,  0.0114,  0.0246,  0.0000,
      9.4470,  0.1007,  0.4371,  0.0070,  0.3261,  0.0579,  0.0001,  0.0052,  0.0478,  0.0182,  0.0000,
      9.4759,  0.1120,  0.4698,  0.0063,  0.2753,  0.0665,  0.0021,  0.0064,  0.0466,  0.0150,  0.0000,
      9.4836,  0.1143,  0.3915,  0.0168,  0.3502,  0.0613,  0.0012,  0.0073,  0.0364,  0.0209,  0.0000,
      9.5068,  0.0876,  0.4429,  0.0014,  0.3395,  0.0692,  0.0007,  0.0041,  0.0413,  0.0133,  0.0000,
      9.5260,  0.0953,  0.4613,  0.0034,  0.3208,  0.0525,  0.0082,  0.0056,  0.0382,  0.0147,  0.0000,
      9.6746,  0.0867,  0.3306,  0.0002,  0.5251,  0.0316,  0.0000,  0.0002,  0.0028,  0.0227,  0.0000,
      9.7373,  0.0899,  0.3788,  0.0005,  0.4618,  0.0435,  0.0013,  0.0005,  0.0062,  0.0176,  0.0000,
      9.7481,  0.0998,  0.3822,  0.0003,  0.4353,  0.0547,  0.0001,  0.0005,  0.0118,  0.0154,  0.0000,
      9.8071,  0.0622,  0.6804,  0.0003,  0.2416,  0.0088,  0.0004,  0.0005,  0.0027,  0.0031,  0.0000,
     10.6495,  0.3046,  0.2003,  0.0164,  0.3145,  0.1385,  0.0000,  0.0090,  0.0014,  0.0153,  0.0000,
     10.6728,  0.3214,  0.1968,  0.0053,  0.3160,  0.1348,  0.0002,  0.0090,  0.0011,  0.0152,  0.0000,
     10.7170,  0.2509,  0.2162,  0.0484,  0.3017,  0.1541,  0.0001,  0.0084,  0.0038,  0.0165,  0.0000,
     10.7314,  0.1541,  0.2188,  0.1141,  0.3087,  0.1708,  0.0004,  0.0086,  0.0081,  0.0164,  0.0000,
     10.7496,  0.2256,  0.2100,  0.0688,  0.3057,  0.1556,  0.0000,  0.0105,  0.0061,  0.0177,  0.0000,
     10.8439,  0.1187,  0.3233,  0.0351,  0.2911,  0.1485,  0.0002,  0.0172,  0.0186,  0.0474,  0.0000,
     10.9074,  0.1130,  0.3291,  0.0393,  0.2924,  0.1472,  0.0001,  0.0160,  0.0158,  0.0472,  0.0000,
     10.9311,  0.1245,  0.3241,  0.0323,  0.2924,  0.1435,  0.0038,  0.0183,  0.0126,  0.0485,  0.0000,
     11.0696,  0.1748,  0.2652,  0.0128,  0.3648,  0.0940,  0.0005,  0.0534,  0.0131,  0.0216,  0.0000,
     11.1059,  0.1871,  0.2570,  0.0077,  0.3629,  0.0930,  0.0002,  0.0566,  0.0118,  0.0238,  0.0000,
     11.1348,  0.1912,  0.2615,  0.0079,  0.3589,  0.0910,  0.0025,  0.0557,  0.0092,  0.0221,  0.0000,
     11.2198,  0.1579,  0.2669,  0.0385,  0.2716,  0.1417,  0.0011,  0.0500,  0.0127,  0.0595,  0.0000,
     11.3625,  0.3823,  0.3544,  0.0853,  0.1148,  0.0247,  0.0021,  0.0177,  0.0176,  0.0012,  0.0000,
     11.3816,  0.3897,  0.3459,  0.0776,  0.1187,  0.0252,  0.0017,  0.0213,  0.0179,  0.0019,  0.0000,
     11.8227,  0.2146,  0.3002,  0.0445,  0.1786,  0.1618,  0.0015,  0.0724,  0.0231,  0.0034,  0.0000,
     12.9923,  0.0596,  0.4243,  0.0028,  0.3362,  0.1479,  0.0016,  0.0003,  0.0140,  0.0133,  0.0000,
     13.0248,  0.1047,  0.3814,  0.0057,  0.3763,  0.1009,  0.0052,  0.0008,  0.0139,  0.0111,  0.0000,
     13.0382,  0.1356,  0.3606,  0.0056,  0.3910,  0.0766,  0.0000,  0.0021,  0.0191,  0.0093,  0.0000,
     13.0648,  0.0973,  0.3828,  0.0166,  0.3446,  0.1396,  0.0007,  0.0024,  0.0094,  0.0067,  0.0000,
     13.0949,  0.0956,  0.3767,  0.0237,  0.3379,  0.1520,  0.0001,  0.0034,  0.0061,  0.0046,  0.0000,
     13.1195,  0.1347,  0.3461,  0.0209,  0.3702,  0.1120,  0.0000,  0.0045,  0.0072,  0.0043,  0.0000,
     13.1394,  0.0931,  0.3736,  0.0296,  0.3408,  0.1505,  0.0006,  0.0022,  0.0053,  0.0045,  0.0000,
     13.1874,  0.1526,  0.3594,  0.0031,  0.3781,  0.0946,  0.0000,  0.0077,  0.0024,  0.0022,  0.0000,
     13.2082,  0.1187,  0.3783,  0.0070,  0.3563,  0.1274,  0.0001,  0.0056,  0.0026,  0.0041,  0.0000,
     13.6024,  0.1023,  0.3241,  0.0633,  0.2866,  0.2070,  0.0004,  0.0118,  0.0041,  0.0004,  0.0000,
     13.6415,  0.1093,  0.3204,  0.0655,  0.2980,  0.1901,  0.0003,  0.0115,  0.0040,  0.0009,  0.0000,
     13.6674,  0.1094,  0.3218,  0.0621,  0.2936,  0.1965,  0.0002,  0.0108,  0.0048,  0.0009,  0.0000,
     14.0839,  0.2427,  0.2442,  0.0062,  0.3940,  0.0654,  0.0018,  0.0265,  0.0132,  0.0061,  0.0000,
     14.1932,  0.0813,  0.3579,  0.0295,  0.3445,  0.1305,  0.0006,  0.0055,  0.0268,  0.0235,  0.0000,
     14.2678,  0.0746,  0.3654,  0.0367,  0.3246,  0.1407,  0.0003,  0.0043,  0.0275,  0.0259,  0.0000,
     14.2737,  0.1507,  0.3173,  0.0094,  0.3457,  0.1118,  0.0045,  0.0147,  0.0094,  0.0366,  0.0000,
     14.2896,  0.1146,  0.3357,  0.0207,  0.3404,  0.1259,  0.0022,  0.0107,  0.0182,  0.0317,  0.0000,
     14.3334,  0.1608,  0.3037,  0.0071,  0.3536,  0.1080,  0.0000,  0.0171,  0.0130,  0.0368,  0.0000,
     14.5666,  0.1867,  0.3029,  0.0013,  0.3684,  0.1220,  0.0015,  0.0090,  0.0056,  0.0025,  0.0000,
     14.6111,  0.1681,  0.2866,  0.0013,  0.3492,  0.1642,  0.0010,  0.0097,  0.0121,  0.0078,  0.0000,
     14.6353,  0.1869,  0.3409,  0.0006,  0.3578,  0.0981,  0.0001,  0.0076,  0.0065,  0.0016,  0.0000,
     14.6662,  0.1661,  0.3325,  0.0023,  0.3474,  0.1313,  0.0001,  0.0073,  0.0099,  0.0031,  0.0000,
     14.8181,  0.1355,  0.3404,  0.0170,  0.3751,  0.0917,  0.0006,  0.0198,  0.0148,  0.0050,  0.0000,
     14.8324,  0.1650,  0.3116,  0.0046,  0.3215,  0.1352,  0.0002,  0.0094,  0.0247,  0.0280,  0.0000,
     14.8588,  0.1313,  0.3417,  0.0199,  0.3645,  0.0979,  0.0012,  0.0221,  0.0158,  0.0054,  0.0000,
     14.9008,  0.1630,  0.3096,  0.0023,  0.3365,  0.1291,  0.0001,  0.0086,  0.0238,  0.0271,  0.0000,
     14.9096,  0.1506,  0.3289,  0.0044,  0.3185,  0.1363,  0.0060,  0.0097,  0.0169,  0.0289,  0.0000,
     15.0210,  0.2627,  0.2231,  0.0423,  0.3064,  0.0899,  0.0046,  0.0550,  0.0110,  0.0051,  0.0000,
     15.0812,  0.2801,  0.2182,  0.0453,  0.2978,  0.0852,  0.0002,  0.0552,  0.0143,  0.0038,  0.0000,
     15.0888,  0.2742,  0.2173,  0.0487,  0.3056,  0.0833,  0.0003,  0.0524,  0.0150,  0.0032,  0.0000,
     15.1967,  0.3476,  0.1226,  0.0013,  0.5195,  0.0050,  0.0000,  0.0023,  0.0006,  0.0012,  0.0000,
     15.5919,  0.1633,  0.2512,  0.0005,  0.4326,  0.0999,  0.0000,  0.0153,  0.0043,  0.0331,  0.0000,
     15.6537,  0.1388,  0.2816,  0.0004,  0.4278,  0.1018,  0.0009,  0.0088,  0.0036,  0.0364,  0.0000,
     15.6753,  0.1446,  0.2722,  0.0002,  0.4379,  0.0937,  0.0002,  0.0114,  0.0036,  0.0364,  0.0000,
     15.7710,  0.2803,  0.1757,  0.0017,  0.4331,  0.0486,  0.0001,  0.0486,  0.0007,  0.0115,  0.0000,
     15.8172,  0.2917,  0.1731,  0.0007,  0.4244,  0.0484,  0.0000,  0.0518,  0.0007,  0.0092,  0.0000,
     16.1575,  0.1859,  0.1936,  0.0778,  0.3488,  0.1535,  0.0001,  0.0254,  0.0043,  0.0108,  0.0000,
     16.1756,  0.1902,  0.2023,  0.0770,  0.3490,  0.1443,  0.0015,  0.0222,  0.0028,  0.0107,  0.0000,
     16.2272,  0.1954,  0.2034,  0.0805,  0.3393,  0.1400,  0.0001,  0.0273,  0.0038,  0.0104,  0.0000,
     16.7332,  0.0434,  0.4476,  0.0049,  0.3877,  0.0547,  0.0015,  0.0032,  0.0353,  0.0217,  0.0000,
     16.7522,  0.0251,  0.4584,  0.0058,  0.3771,  0.0654,  0.0000,  0.0045,  0.0396,  0.0240,  0.0000,
     16.7856,  0.0279,  0.5066,  0.0016,  0.3879,  0.0359,  0.0021,  0.0031,  0.0297,  0.0052,  0.0000,
     16.8072,  0.0370,  0.4950,  0.0008,  0.3864,  0.0348,  0.0017,  0.0030,  0.0328,  0.0085,  0.0000,
     16.8198,  0.0350,  0.4630,  0.0050,  0.3904,  0.0441,  0.0143,  0.0030,  0.0253,  0.0198,  0.0000,
     16.8313,  0.0184,  0.4563,  0.0081,  0.3680,  0.0706,  0.0058,  0.0040,  0.0382,  0.0308,  0.0000,
     16.9384,  0.1343,  0.2990,  0.0017,  0.4644,  0.0253,  0.0000,  0.0016,  0.0398,  0.0340,  0.0000,
     17.4611,  0.1709,  0.2825,  0.0312,  0.4150,  0.0354,  0.0006,  0.0106,  0.0202,  0.0339,  0.0000,
     17.4952,  0.1779,  0.2732,  0.0304,  0.4199,  0.0348,  0.0019,  0.0121,  0.0121,  0.0377,  0.0000,
     17.5220,  0.1582,  0.3054,  0.0226,  0.4245,  0.0260,  0.0027,  0.0049,  0.0244,  0.0314,  0.0000,
     17.5484,  0.2101,  0.2303,  0.0259,  0.4195,  0.0389,  0.0014,  0.0202,  0.0089,  0.0450,  0.0000,
     17.6451,  0.1839,  0.2742,  0.0243,  0.4197,  0.0397,  0.0006,  0.0093,  0.0194,  0.0289,  0.0000,
     17.7099,  0.0861,  0.3784,  0.0349,  0.2012,  0.2586,  0.0003,  0.0172,  0.0114,  0.0118,  0.0000,
     17.9337,  0.0886,  0.3544,  0.0855,  0.2961,  0.1141,  0.0014,  0.0052,  0.0405,  0.0142,  0.0000,
     17.9654,  0.0831,  0.3716,  0.0819,  0.2827,  0.1192,  0.0097,  0.0060,  0.0328,  0.0130,  0.0000,
     18.0025,  0.0882,  0.3607,  0.0760,  0.3056,  0.1092,  0.0004,  0.0046,  0.0429,  0.0126,  0.0000,
     18.6675,  0.0270,  0.4456,  0.0207,  0.2124,  0.2770,  0.0000,  0.0028,  0.0108,  0.0037,  0.0000,
     18.6812,  0.0589,  0.4851,  0.0198,  0.1559,  0.2213,  0.0035,  0.0163,  0.0380,  0.0013,  0.0000,
     18.6964,  0.0219,  0.4538,  0.0517,  0.2361,  0.2086,  0.0003,  0.0015,  0.0240,  0.0020,  0.0000,
     18.7346,  0.0267,  0.4131,  0.1076,  0.2364,  0.1759,  0.0031,  0.0028,  0.0296,  0.0050,  0.0000,
     18.7841,  0.0416,  0.4559,  0.0229,  0.2409,  0.2133,  0.0000,  0.0040,  0.0199,  0.0016,  0.0000,
     18.8043,  0.0625,  0.4193,  0.0184,  0.2457,  0.2266,  0.0010,  0.0055,  0.0148,  0.0063,  0.0000,
     18.8240,  0.0942,  0.3584,  0.0474,  0.2043,  0.2428,  0.0001,  0.0155,  0.0182,  0.0192,  0.0000,
     18.8779,  0.0818,  0.3412,  0.0642,  0.1975,  0.2694,  0.0037,  0.0114,  0.0137,  0.0171,  0.0000,
     18.9332,  0.0951,  0.3396,  0.0578,  0.1737,  0.2728,  0.0009,  0.0180,  0.0203,  0.0221,  0.0000,
     19.0405,  0.1104,  0.2726,  0.0825,  0.3077,  0.2029,  0.0004,  0.0105,  0.0087,  0.0044,  0.0000,
     19.0825,  0.1276,  0.2651,  0.0635,  0.3584,  0.1635,  0.0019,  0.0087,  0.0056,  0.0057,  0.0000,
     19.1064,  0.1423,  0.2675,  0.0230,  0.4308,  0.1073,  0.0001,  0.0043,  0.0112,  0.0138,  0.0000,
     19.1252,  0.1206,  0.2869,  0.0107,  0.4028,  0.1534,  0.0003,  0.0025,  0.0079,  0.0150,  0.0000,
     19.1317,  0.1478,  0.2743,  0.0121,  0.4491,  0.0906,  0.0015,  0.0014,  0.0088,  0.0144,  0.0000,
     19.2247,  0.0889,  0.4276,  0.0132,  0.3215,  0.1056,  0.0007,  0.0259,  0.0025,  0.0141,  0.0000,
     19.2313,  0.1024,  0.4134,  0.0197,  0.3206,  0.0961,  0.0013,  0.0290,  0.0030,  0.0146,  0.0000,
     19.2564,  0.0968,  0.4184,  0.0155,  0.3173,  0.0997,  0.0003,  0.0291,  0.0047,  0.0183,  0.0000,
     19.9373,  0.1061,  0.3106,  0.0471,  0.2788,  0.1679,  0.0099,  0.0197,  0.0201,  0.0399,  0.0000,
     19.9654,  0.0947,  0.3154,  0.0401,  0.2979,  0.1623,  0.0002,  0.0181,  0.0254,  0.0460,  0.0000,
     19.9960,  0.1042,  0.3229,  0.0508,  0.2571,  0.1788,  0.0000,  0.0215,  0.0301,  0.0348,  0.0000,
     20.0423,  0.1101,  0.3196,  0.0753,  0.1952,  0.2234,  0.0035,  0.0220,  0.0312,  0.0198,  0.0000,
     20.0650,  0.1007,  0.3189,  0.0918,  0.1815,  0.2302,  0.0008,  0.0201,  0.0370,  0.0190,  0.0000,
     21.1794,  0.1744,  0.3026,  0.0145,  0.2355,  0.0979,  0.0050,  0.0362,  0.0813,  0.0526,  0.0000,
     21.2320,  0.0768,  0.2441,  0.0413,  0.3926,  0.1180,  0.0055,  0.0107,  0.0173,  0.0939,  0.0000,
     21.3548,  0.0683,  0.2249,  0.0415,  0.4235,  0.1247,  0.0002,  0.0081,  0.0073,  0.1016,  0.0000,
     21.4132,  0.0161,  0.4427,  0.0208,  0.2634,  0.0988,  0.0017,  0.0038,  0.0956,  0.0571,  0.0000,
     21.4824,  0.0221,  0.4359,  0.0210,  0.2597,  0.1061,  0.0173,  0.0051,  0.0781,  0.0547,  0.0000,
     21.5557,  0.0253,  0.4394,  0.0159,  0.2635,  0.1003,  0.0022,  0.0069,  0.0932,  0.0535,  0.0000,
     21.7777,  0.3030,  0.2651,  0.0028,  0.2921,  0.0167,  0.0006,  0.1077,  0.0063,  0.0058,  0.0000,
     21.7997,  0.2884,  0.2649,  0.0063,  0.3069,  0.0241,  0.0001,  0.0944,  0.0073,  0.0077,  0.0000,
     21.8088,  0.2846,  0.2796,  0.0029,  0.3059,  0.0194,  0.0005,  0.0973,  0.0063,  0.0036,  0.0000,
     21.9211,  0.2636,  0.1678,  0.0190,  0.3960,  0.0494,  0.0009,  0.0447,  0.0060,  0.0526,  0.0000,
     21.9716,  0.2604,  0.1759,  0.0239,  0.3901,  0.0544,  0.0003,  0.0415,  0.0056,  0.0480,  0.0000,
     21.9790,  0.2843,  0.1714,  0.0362,  0.3509,  0.0808,  0.0001,  0.0355,  0.0097,  0.0312,  0.0000,
     22.0567,  0.2582,  0.1637,  0.0261,  0.3936,  0.0648,  0.0001,  0.0365,  0.0068,  0.0504,  0.0000,
     22.4666,  0.1602,  0.2815,  0.0957,  0.2664,  0.1333,  0.0037,  0.0205,  0.0300,  0.0089,  0.0000,
     22.4911,  0.1617,  0.2652,  0.1026,  0.2577,  0.1437,  0.0040,  0.0241,  0.0298,  0.0112,  0.0000,
     22.5145,  0.1778,  0.2659,  0.1040,  0.2410,  0.1354,  0.0034,  0.0300,  0.0321,  0.0105,  0.0000,
     22.6203,  0.0441,  0.4391,  0.0019,  0.2700,  0.1837,  0.0038,  0.0110,  0.0237,  0.0229,  0.0000,
     22.6561,  0.0565,  0.4359,  0.0008,  0.2603,  0.1835,  0.0005,  0.0148,  0.0269,  0.0209,  0.0000,
     22.6733,  0.0600,  0.4328,  0.0025,  0.2716,  0.1695,  0.0002,  0.0150,  0.0278,  0.0207,  0.0000,
     23.0107,  0.5693,  0.0969,  0.0023,  0.1079,  0.0200,  0.0004,  0.1885,  0.0120,  0.0025,  0.0000,
     23.0896,  0.5583,  0.0898,  0.0069,  0.1272,  0.0260,  0.0013,  0.1811,  0.0073,  0.0022,  0.0000,
     23.1278,  0.5626,  0.0906,  0.0057,  0.1174,  0.0240,  0.0004,  0.1855,  0.0104,  0.0033,  0.0000,
     23.2736,  0.2391,  0.2427,  0.0004,  0.3958,  0.0661,  0.0014,  0.0134,  0.0200,  0.0210,  0.0000,
     23.2766,  0.2471,  0.2463,  0.0023,  0.3869,  0.0617,  0.0014,  0.0146,  0.0236,  0.0162,  0.0000,
     23.3372,  0.2598,  0.2383,  0.0004,  0.3828,  0.0564,  0.0038,  0.0240,  0.0187,  0.0160,  0.0000,
     23.4770,  0.1925,  0.3099,  0.0047,  0.2980,  0.0914,  0.0028,  0.0257,  0.0460,  0.0291,  0.0000,
     23.5124,  0.0753,  0.3616,  0.0047,  0.3393,  0.1007,  0.0095,  0.0065,  0.0479,  0.0545,  0.0000,
     23.5572,  0.0820,  0.3575,  0.0027,  0.3551,  0.0870,  0.0032,  0.0096,  0.0508,  0.0522,  0.0000,
     23.5749,  0.0956,  0.3813,  0.0031,  0.3668,  0.0699,  0.0030,  0.0123,  0.0360,  0.0321,  0.0000,
     23.5866,  0.0634,  0.4295,  0.0014,  0.4256,  0.0387,  0.0016,  0.0066,  0.0174,  0.0161,  0.0000,
     23.7022,  0.2972,  0.1985,  0.0102,  0.3107,  0.1106,  0.0003,  0.0500,  0.0061,  0.0163,  0.0000,
     23.7103,  0.2542,  0.2143,  0.0114,  0.3286,  0.1065,  0.0001,  0.0401,  0.0138,  0.0310,  0.0000,
     23.7650,  0.1401,  0.2370,  0.0205,  0.3969,  0.0643,  0.0045,  0.0305,  0.0255,  0.0808,  0.0000,
     23.7909,  0.2584,  0.1980,  0.0052,  0.3635,  0.0217,  0.0012,  0.0796,  0.0120,  0.0606,  0.0000,
     23.8075,  0.1822,  0.2485,  0.0110,  0.3629,  0.0499,  0.0002,  0.0499,  0.0306,  0.0650,  0.0000,
     23.8172,  0.2286,  0.2081,  0.0085,  0.3713,  0.0311,  0.0020,  0.0648,  0.0173,  0.0682,  0.0000,
     23.8413,  0.1282,  0.2356,  0.0211,  0.4134,  0.0639,  0.0045,  0.0267,  0.0226,  0.0843,  0.0000,
     23.8869,  0.2188,  0.2252,  0.0101,  0.3612,  0.0456,  0.0000,  0.0612,  0.0199,  0.0581,  0.0000,
     24.0534,  0.0396,  0.4866,  0.0007,  0.3309,  0.0305,  0.0099,  0.0065,  0.0686,  0.0266,  0.0000,
     24.0869,  0.0394,  0.4962,  0.0006,  0.3225,  0.0275,  0.0003,  0.0057,  0.0829,  0.0253,  0.0000,
     24.3648,  0.2278,  0.2391,  0.0273,  0.3721,  0.0721,  0.0002,  0.0402,  0.0010,  0.0204,  0.0000,
     24.3992,  0.2389,  0.2437,  0.0181,  0.3721,  0.0615,  0.0002,  0.0435,  0.0031,  0.0192,  0.0000,
     24.4248,  0.2228,  0.2437,  0.0250,  0.3826,  0.0644,  0.0009,  0.0376,  0.0020,  0.0212,  0.0000,
     24.5306,  0.0787,  0.4876,  0.0012,  0.2467,  0.1043,  0.0134,  0.0139,  0.0527,  0.0017,  0.0000,
     24.5579,  0.0698,  0.4977,  0.0002,  0.2305,  0.1178,  0.0000,  0.0139,  0.0666,  0.0035,  0.0000,
     24.5704,  0.0756,  0.4928,  0.0003,  0.2428,  0.1078,  0.0021,  0.0134,  0.0645,  0.0008,  0.0000,
     24.7006,  0.0962,  0.3202,  0.0008,  0.3960,  0.0973,  0.0031,  0.0153,  0.0153,  0.0557,  0.0000,
     24.7298,  0.0998,  0.3207,  0.0006,  0.3892,  0.1030,  0.0029,  0.0166,  0.0121,  0.0552,  0.0000,
     24.7443,  0.0961,  0.3258,  0.0003,  0.3991,  0.0875,  0.0007,  0.0135,  0.0220,  0.0552,  0.0000,
     25.2197,  0.0305,  0.3125,  0.1342,  0.1806,  0.2741,  0.0003,  0.0031,  0.0367,  0.0280,  0.0000,
     25.2664,  0.0282,  0.3139,  0.1371,  0.1737,  0.2792,  0.0033,  0.0028,  0.0351,  0.0267,  0.0000,
     25.2848,  0.0313,  0.3182,  0.1436,  0.1649,  0.2753,  0.0059,  0.0035,  0.0342,  0.0235,  0.0000,
     25.4184,  0.0455,  0.4018,  0.0410,  0.2554,  0.1948,  0.0017,  0.0063,  0.0327,  0.0210,  0.0000,
     25.4288,  0.0472,  0.4033,  0.0378,  0.2565,  0.1950,  0.0033,  0.0065,  0.0291,  0.0214,  0.0000,
