  CI trans.  energy frequency wavelength oscillator--------- polarization---------  dipole  ------ components-----
 st.  symm.    eV      cm - 1       nm      strength       x          y         z       moment     x       y       z 

   2      3.0444155    24555.    407.25  0.000062  -0.000000  -0.000000  -1.000000  0.924861  -0.914   0.141   0.000
   3      6.2554730    50454.    198.20  0.725112   0.961996   0.273064  -0.000000  9.944078  -9.044  -4.134   0.000
   4      7.0636065    56972.    175.52  0.001698   0.000000   0.000000   1.000000  7.144627   5.383   4.698  -0.000
   5      7.5591031    60968.    164.02  0.001358  -0.000000   0.000000   1.000000  5.069717  -4.852  -1.469   0.000
   6      8.0871429    65227.    153.31  0.271026   0.995523   0.094518   0.000000  1.423968  -0.483   1.339   0.000
   7      8.4139420    67863.    147.36  0.045435   0.436863  -0.899528   0.000000  3.895528   2.780   2.728  -0.000
   8      9.3633267    75521.    132.41  0.028722   0.971874   0.235503   0.000000  1.182390  -0.913   0.751  -0.000
   9     11.0354124    89007.    112.35  0.266044   0.905646  -0.424034  -0.000000  1.599470  -0.584   1.489  -0.000
  10     11.1393683    89845.    111.30  0.007474   0.000000  -0.000000   1.000000  3.671328   2.492   2.696   0.000