| Z ||NEQ||      XD     ||      YD     ||      ZD     |
   29    1   0.0000000000   0.0000000000   0.0000000000
   32    2  -2.8622999191   2.8622999191  -0.0185000002
   32    2   2.8622999191  -2.8622999191  -0.0185000002
   32    2   0.0185000002  -2.8622999191  -2.8622999191
   32    2   0.0185000002   2.8622999191   2.8622999191
   32    2  -0.0185000002  -2.8622999191   2.8622999191
   32    2  -0.0185000002   2.8622999191  -2.8622999191
   32    2  -2.8622999191  -2.8622999191   0.0185000002
   32    2   2.8622999191   2.8622999191   0.0185000002
   32    2  -2.8622999191  -0.0185000002   2.8622999191
   32    2   2.8622999191  -0.0185000002  -2.8622999191
   32    2  -2.8622999191   0.0185000002  -2.8622999191
   32    2   2.8622999191   0.0185000002   2.8622999191
   32    3  -5.7637000084   0.0000000000   0.0000000000
   32    3   5.7637000084   0.0000000000   0.0000000000
   32    3   0.0000000000  -5.7637000084   0.0000000000
   32    3   0.0000000000   5.7637000084   0.0000000000
   32    3   0.0000000000   0.0000000000  -5.7637000084
   32    3   0.0000000000   0.0000000000   5.7637000084
   32    4   1.3703999519   1.3703999519   1.3703999519
   32    4   1.3703999519  -1.3703999519  -1.3703999519
   32    4  -1.3703000546  -1.3703000546   1.3703999519
   32    4  -1.3703999519   1.3703999519  -1.3703999519
   32    5   4.3098001480  -1.4376000166   1.4376000166
   32    5  -1.4376000166   4.3098001480   1.4376000166
   32    5  -1.4376000166  -1.4376000166  -4.3098001480
   32    5  -4.3098001480  -1.4376000166  -1.4376000166
   32    5   1.4376000166   4.3098001480  -1.4376000166
   32    5   1.4376000166  -1.4376000166   4.3098001480
   32    5  -4.3098001480   1.4376000166   1.4376000166
   32    5   1.4376000166  -4.3098001480   1.4376000166
   32    5   1.4376000166   1.4376000166  -4.3098001480
   32    5   4.3098001480   1.4376000166  -1.4376000166
   32    5  -1.4376000166  -4.3098001480  -1.4376000166
   32    5  -1.4376000166   1.4376000166   4.3098001480
    1    6  -0.9028000236   6.6475000381  -0.8805999756
    1    6   0.8805999756   6.6475000381   0.9028000236
    1    7  -2.3480000496   5.1742000580   2.3296000957
    1    7   2.3296000957   5.1742000580  -2.3480000496
    1    8   3.6993000507   3.7330999374   0.9739999771
    1    8   0.9739000201   3.7330999374   3.6993000507
    1    7   5.1742000580   2.3480000496  -2.3296000957
    1    6   6.6475000381   0.8805999756   0.9028000236
    1    6   6.6475000381  -0.9028000236  -0.8805999756
    1    8  -3.6993000507   3.7330999374  -0.9739000201
    1    7  -5.1742000580   2.3480000496   2.3296000957
    1    6  -6.6475000381   0.8805999756  -0.9028000236
    1    6  -6.6475000381  -0.9028000236   0.8805999756
    1    7  -5.1742000580  -2.3480000496  -2.3296000957
    1    8  -3.6993000507   0.9739999771  -3.7330999374
    1    8  -3.7330999374  -3.6993000507   0.9739999771
    1    7  -2.3296000957  -5.1742000580  -2.3480000496
    1    6   0.9028000236  -6.6475000381  -0.8805999756
    1    6  -0.8805999756  -6.6475000381   0.9028000236
    1    7   2.3480000496  -5.1742000580   2.3296000957
    1    8   3.7330999374  -3.6993000507  -0.9739000201
    1    7   5.1742000580  -2.3480000496   2.3296000957
    1    8   3.7330999374   0.9739999771   3.6993000507
    1    6  -0.8805999756  -0.9028000236   6.6475000381
    1    6   0.9028000236   0.8805999756   6.6475000381
    1    7  -2.3296000957   2.3480000496   5.1742000580
    1    7   2.3296000957  -2.3480000496   5.1742000580
    1    8  -3.7330999374  -0.9739999771   3.6993000507
    1    8  -0.9739999771   3.7330999374  -3.6993000507
    1    7   2.3296000957   2.3480000496  -5.1742000580
    1    6   0.8805999756  -0.9028000236  -6.6475000381
    1    6  -0.9028000236   0.8805999756  -6.6475000381
    1    7  -2.3296000957  -2.3480000496  -5.1742000580
    1    8   3.6993000507  -0.9739999771  -3.7330999374
    1    8  -0.9739999771  -3.6993000507   3.7330999374
    1    8   0.9739000201  -3.6993000507  -3.7330999374
---------------------------------------------
|NEQ||  CHG   ||U/D||   RD   ||   VD   |    1
---------------------------------------------
    0     Unit     (0:angstrom  1:atomic)
    0     Spin     (0:non-spin  1:spin  )
    0     M.P.     (0:No        1:Yes   )
    0     Sample Point ( <100000, =0 autoset )

Deviation of Coordination Number :  .01 %
Deviation of Length from Center  :  .01 %
