 -10803.7979,  0.0000,  2.0000,
 -10802.2806,  0.0000,  2.0000,
 -10802.0709,  0.0000,  2.0000,
 -10800.8147,  0.0000,  2.0000,
 -10799.5448,  0.0000,  2.0000,
 -10798.4764,  0.0000,  2.0000,
 -10797.3693,  0.0000,  2.0000,
 -10796.8981,  0.0000,  2.0000,
 -10795.4133,  0.0000,  2.0000,
 -10795.0800,  0.0000,  2.0000,
 -10794.8139,  0.0000,  2.0000,
 -10794.2880,  0.0000,  2.0000,
 -10793.6964,  0.0000,  2.0000,
 -10793.6763,  0.0000,  2.0000,
 -10792.5970,  0.0000,  2.0000,
 -10792.2079,  0.0000,  2.0000,
 -10792.0799,  0.0000,  2.0000,
 -10791.3070,  0.0000,  2.0000,
 -10791.1822,  0.0000,  2.0000,
 -10791.1494,  0.0000,  2.0000,
 -10790.9834,  0.0000,  2.0000,
 -10790.7456,  0.0000,  2.0000,
 -10789.9814,  0.0000,  2.0000,
 -10789.9110,  0.0000,  2.0000,
 -10789.5049,  0.0000,  2.0000,
 -10789.3921,  0.0000,  2.0000,
 -10789.3004,  0.0000,  2.0000,
 -10788.7555,  0.0000,  2.0000,
 -10788.6012,  0.0000,  2.0000,
 -10788.5361,  0.0000,  2.0000,
 -10788.5254,  0.0000,  2.0000,
 -10788.0294,  0.0000,  2.0000,
 -10787.5547,  0.0000,  2.0000,
 -10787.5294,  0.0000,  2.0000,
  -8735.1440,  0.0000,  2.0000,
  -1331.6789,  0.0000,  2.0000,
  -1331.5675,  0.0000,  2.0000,
  -1331.3678,  0.0000,  2.0000,
  -1331.3661,  0.0000,  2.0000,
  -1331.2262,  0.0000,  2.0000,
  -1331.1908,  0.0000,  2.0000,
  -1331.1833,  0.0000,  2.0000,
  -1331.1820,  0.0000,  2.0000,
  -1331.1810,  0.0000,  2.0000,
  -1331.1744,  0.0000,  2.0000,
  -1331.1715,  0.0000,  2.0000,
  -1331.1263,  0.0000,  2.0000,
  -1331.1138,  0.0000,  2.0000,
  -1331.0855,  0.0000,  2.0000,
  -1331.0824,  0.0000,  2.0000,
  -1331.0782,  0.0000,  2.0000,
  -1331.0491,  0.0000,  2.0000,
  -1331.0429,  0.0000,  2.0000,
  -1331.0087,  0.0000,  2.0000,
  -1330.9802,  0.0000,  2.0000,
  -1330.9603,  0.0000,  2.0000,
  -1330.9598,  0.0000,  2.0000,
  -1330.9532,  0.0000,  2.0000,
  -1330.9352,  0.0000,  2.0000,
  -1330.9085,  0.0000,  2.0000,
  -1330.8827,  0.0000,  2.0000,
  -1330.8756,  0.0000,  2.0000,
  -1330.8142,  0.0000,  2.0000,
  -1330.7898,  0.0000,  2.0000,
  -1330.7894,  0.0000,  2.0000,
  -1330.7288,  0.0000,  2.0000,
  -1330.7129,  0.0000,  2.0000,
  -1330.6900,  0.0000,  2.0000,
  -1330.6880,  0.0000,  2.0000,
  -1187.1744,  0.0000,  2.0000,
  -1186.8286,  0.0000,  2.0000,
  -1186.7420,  0.0000,  2.0000,
  -1186.6972,  0.0000,  2.0000,
  -1186.6808,  0.0000,  2.0000,
  -1186.5793,  0.0000,  2.0000,
  -1186.5716,  0.0000,  2.0000,
  -1186.4923,  0.0000,  2.0000,
  -1186.4906,  0.0000,  2.0000,
  -1186.4664,  0.0000,  2.0000,
  -1186.4499,  0.0000,  2.0000,
  -1186.4308,  0.0000,  2.0000,
  -1186.4287,  0.0000,  2.0000,
  -1186.3814,  0.0000,  2.0000,
  -1186.3801,  0.0000,  2.0000,
  -1186.3538,  0.0000,  2.0000,
  -1186.3531,  0.0000,  2.0000,
  -1186.3345,  0.0000,  2.0000,
  -1186.3245,  0.0000,  2.0000,
  -1186.3145,  0.0000,  2.0000,
  -1186.3141,  0.0000,  2.0000,
  -1186.2986,  0.0000,  2.0000,
  -1186.2891,  0.0000,  2.0000,
  -1186.2736,  0.0000,  2.0000,
  -1186.2609,  0.0000,  2.0000,
  -1186.2592,  0.0000,  2.0000,
  -1186.2501,  0.0000,  2.0000,
  -1186.2471,  0.0000,  2.0000,
  -1186.2462,  0.0000,  2.0000,
  -1186.2452,  0.0000,  2.0000,
  -1186.2129,  0.0000,  2.0000,
  -1186.2046,  0.0000,  2.0000,
  -1186.2019,  0.0000,  2.0000,
  -1186.1977,  0.0000,  2.0000,
  -1186.1970,  0.0000,  2.0000,
  -1186.1833,  0.0000,  2.0000,
  -1186.1795,  0.0000,  2.0000,
  -1186.1698,  0.0000,  2.0000,
  -1186.1598,  0.0000,  2.0000,
  -1186.1382,  0.0000,  2.0000,
  -1186.1348,  0.0000,  2.0000,
  -1186.1195,  0.0000,  2.0000,
  -1186.1164,  0.0000,  2.0000,
  -1186.1085,  0.0000,  2.0000,
  -1186.1005,  0.0000,  2.0000,
  -1186.0814,  0.0000,  2.0000,
  -1186.0529,  0.0000,  2.0000,
  -1186.0526,  0.0000,  2.0000,
  -1186.0444,  0.0000,  2.0000,
  -1186.0423,  0.0000,  2.0000,
  -1186.0383,  0.0000,  2.0000,
  -1186.0337,  0.0000,  2.0000,
  -1186.0332,  0.0000,  2.0000,
  -1186.0288,  0.0000,  2.0000,
  -1186.0213,  0.0000,  2.0000,
  -1186.0210,  0.0000,  2.0000,
  -1186.0184,  0.0000,  2.0000,
  -1186.0124,  0.0000,  2.0000,
  -1186.0073,  0.0000,  2.0000,
  -1185.9960,  0.0000,  2.0000,
  -1185.9918,  0.0000,  2.0000,
  -1185.9583,  0.0000,  2.0000,
  -1185.9578,  0.0000,  2.0000,
  -1185.9505,  0.0000,  2.0000,
  -1185.9434,  0.0000,  2.0000,
  -1185.9368,  0.0000,  2.0000,
  -1185.9308,  0.0000,  2.0000,
  -1185.8929,  0.0000,  2.0000,
  -1185.8790,  0.0000,  2.0000,
  -1185.7892,  0.0000,  2.0000,
  -1185.5710,  0.0000,  2.0000,
  -1185.3288,  0.0000,  2.0000,
  -1184.7918,  0.0000,  2.0000,
  -1184.6565,  0.0000,  2.0000,
  -1184.2431,  0.0000,  2.0000,
  -1184.1425,  0.0000,  2.0000,
  -1184.1326,  0.0000,  2.0000,
  -1183.9238,  0.0000,  2.0000,
  -1183.8125,  0.0000,  2.0000,
  -1183.5789,  0.0000,  2.0000,
  -1182.6692,  0.0000,  2.0000,
  -1182.6153,  0.0000,  2.0000,
  -1182.4434,  0.0000,  2.0000,
  -1182.1546,  0.0000,  2.0000,
  -1182.0910,  0.0000,  2.0000,
  -1181.3779,  0.0000,  2.0000,
  -1181.2392,  0.0000,  2.0000,
  -1181.1676,  0.0000,  2.0000,
  -1180.1821,  0.0000,  2.0000,
  -1180.1820,  0.0000,  2.0000,
  -1180.1364,  0.0000,  2.0000,
  -1179.2265,  0.0000,  2.0000,
  -1179.1582,  0.0000,  2.0000,
  -1178.6327,  0.0000,  2.0000,
  -1177.7078,  0.0000,  2.0000,
  -1177.5041,  0.0000,  2.0000,
  -1175.8415,  0.0000,  2.0000,
  -1175.4382,  0.0000,  2.0000,
  -1174.5249,  0.0000,  2.0000,
  -1173.2648,  0.0000,  2.0000,
  -1173.0704,  0.0000,  2.0000,
  -1171.9039,  0.0000,  2.0000,
  -1037.5109, -0.0001,  2.0000,
   -910.8796, -0.0001,  2.0000,
   -910.8002,  0.0000,  2.0000,
   -910.3331, -0.0001,  2.0000,
   -156.6474,  0.0000,  2.0000,
   -156.6285,  0.0000,  2.0000,
   -156.6186,  0.0000,  2.0000,
   -156.6070,  0.0000,  2.0000,
   -156.6004,  0.0000,  2.0000,
   -156.5968,  0.0000,  2.0000,
   -156.5883,  0.0000,  2.0000,
   -156.5882,  0.0000,  2.0000,
   -156.5860,  0.0000,  2.0000,
   -156.5847,  0.0000,  2.0000,
   -156.5843,  0.0000,  2.0000,
   -156.5780,  0.0000,  2.0000,
   -156.5645,  0.0000,  2.0000,
   -156.5604,  0.0000,  2.0000,
   -156.5560,  0.0000,  2.0000,
   -156.5559,  0.0000,  2.0000,
   -156.5512,  0.0000,  2.0000,
   -156.5485,  0.0000,  2.0000,
   -156.5418,  0.0000,  2.0000,
   -156.5335,  0.0000,  2.0000,
   -156.5165,  0.0000,  2.0000,
   -156.5132,  0.0000,  2.0000,
   -156.5041,  0.0000,  2.0000,
   -156.4895,  0.0000,  2.0000,
   -156.4763,  0.0000,  2.0000,
   -156.4699,  0.0000,  2.0000,
   -156.4508,  0.0000,  2.0000,
   -156.3226,  0.0000,  2.0000,
   -156.3162,  0.0000,  2.0000,
   -156.3151,  0.0000,  2.0000,
   -156.2864,  0.0000,  2.0000,
   -156.2835,  0.0000,  2.0000,
   -156.2806,  0.0000,  2.0000,
   -156.2566,  0.0000,  2.0000,
   -108.6264,  0.0000,  2.0000,
   -108.5891,  0.0000,  2.0000,
   -108.5857,  0.0000,  2.0000,
   -108.5826,  0.0000,  2.0000,
   -108.5771,  0.0000,  2.0000,
   -108.5739,  0.0000,  2.0000,
   -108.5653,  0.0000,  2.0000,
   -108.5612,  0.0000,  2.0000,
   -108.5574,  0.0000,  2.0000,
   -108.5554,  0.0000,  2.0000,
   -108.5532,  0.0000,  2.0000,
   -108.5436,  0.0000,  2.0000,
   -108.5364,  0.0000,  2.0000,
   -108.5359,  0.0000,  2.0000,
   -108.5341,  0.0000,  2.0000,
   -108.5305,  0.0000,  2.0000,
   -108.5274,  0.0000,  2.0000,
   -108.5262,  0.0000,  2.0000,
   -108.5218,  0.0000,  2.0000,
   -108.5166,  0.0000,  2.0000,
   -108.5164,  0.0000,  2.0000,
   -108.5114,  0.0000,  2.0000,
   -108.5059,  0.0000,  2.0000,
   -108.5013,  0.0000,  2.0000,
   -108.5000,  0.0000,  2.0000,
   -108.5000,  0.0000,  2.0000,
   -108.4982,  0.0000,  2.0000,
   -108.4954,  0.0000,  2.0000,
   -108.4874,  0.0000,  2.0000,
   -108.4851,  0.0000,  2.0000,
   -108.4846,  0.0000,  2.0000,
   -108.4845,  0.0000,  2.0000,
   -108.4741,  0.0000,  2.0000,
   -108.4727,  0.0000,  2.0000,
   -108.4676,  0.0000,  2.0000,
   -108.4675,  0.0000,  2.0000,
   -108.4612,  0.0000,  2.0000,
   -108.4575,  0.0000,  2.0000,
   -108.4570,  0.0000,  2.0000,
   -108.4512,  0.0000,  2.0000,
   -108.4491,  0.0000,  2.0000,
   -108.4381,  0.0000,  2.0000,
   -108.4293,  0.0000,  2.0000,
   -108.4286,  0.0000,  2.0000,
   -108.4251,  0.0000,  2.0000,
   -108.4166,  0.0000,  2.0000,
   -108.3992,  0.0000,  2.0000,
   -108.3933,  0.0000,  2.0000,
   -108.3847,  0.0000,  2.0000,
   -108.3771,  0.0000,  2.0000,
   -108.3767,  0.0000,  2.0000,
   -108.3760,  0.0000,  2.0000,
   -108.3706,  0.0000,  2.0000,
   -108.3614,  0.0000,  2.0000,
   -108.3401,  0.0000,  2.0000,
   -108.3352,  0.0000,  2.0000,
   -108.2857,  0.0000,  2.0000,
   -108.2850,  0.0000,  2.0000,
   -108.2684, -0.0001,  2.0000,
   -108.2676,  0.0000,  2.0000,
   -108.2573,  0.0000,  2.0000,
   -108.2215,  0.0000,  2.0000,
   -108.2037,  0.0000,  2.0000,
   -108.1970,  0.0000,  2.0000,
   -108.1708,  0.0000,  2.0000,
   -108.1449,  0.0000,  2.0000,
   -108.1122,  0.0000,  2.0000,
   -108.0929,  0.0000,  2.0000,
   -108.0926,  0.0000,  2.0000,
   -108.0851,  0.0000,  2.0000,
   -108.0586,  0.0000,  2.0000,
   -108.0577,  0.0000,  2.0000,
   -108.0542,  0.0000,  2.0000,
   -108.0495,  0.0000,  2.0000,
   -108.0213,  0.0000,  2.0000,
   -107.9981,  0.0000,  2.0000,
   -107.9859,  0.0000,  2.0000,
   -107.9732,  0.0000,  2.0000,
   -107.8973,  0.0000,  2.0000,
   -107.8905,  0.0000,  2.0000,
   -107.8318,  0.0000,  2.0000,
   -107.8317,  0.0000,  2.0000,
   -107.7711,  0.0000,  2.0000,
   -107.7471,  0.0000,  2.0000,
   -107.7434,  0.0000,  2.0000,
   -107.7139,  0.0000,  2.0000,
   -107.7110,  0.0000,  2.0000,
   -107.6144,  0.0000,  2.0000,
   -107.5206,  0.0000,  2.0000,
   -107.4617,  0.0000,  2.0000,
   -107.4311,  0.0000,  2.0000,
   -107.3370,  0.0000,  2.0000,
   -107.2739,  0.0000,  2.0000,
   -107.2549,  0.0000,  2.0000,
   -107.1583,  0.0000,  2.0000,
   -107.0439,  0.0000,  2.0000,
   -107.0085,  0.0000,  2.0000,
   -106.8435,  0.0000,  2.0000,
   -106.4955,  0.0000,  2.0000,
   -106.4068,  0.0000,  2.0000,
   -106.3176,  0.0000,  2.0000,
   -106.2618,  0.0000,  2.0000,
   -106.0508,  0.0000,  2.0000,
    -68.7931, -0.0002,  2.0000,
    -68.6923, -0.0001,  2.0000,
    -68.6845, -0.0001,  2.0000,
    -24.8831,  0.0000,  2.0000,
    -24.8717,  0.0000,  2.0000,
    -24.8628,  0.0000,  2.0000,
    -24.8586,  0.0000,  2.0000,
    -24.8530,  0.0000,  2.0000,
    -24.8525,  0.0000,  2.0000,
    -24.8482,  0.0000,  2.0000,
    -24.8406,  0.0000,  2.0000,
    -24.8359,  0.0000,  2.0000,
    -24.8345,  0.0000,  2.0000,
    -24.8323,  0.0000,  2.0000,
    -24.8282,  0.0000,  2.0000,
    -24.8263,  0.0000,  2.0000,
    -24.8228,  0.0000,  2.0000,
    -24.8210,  0.0000,  2.0000,
    -24.8148,  0.0000,  2.0000,
    -24.8118,  0.0000,  2.0000,
    -24.8104,  0.0000,  2.0000,
    -24.8097,  0.0000,  2.0000,
    -24.8081,  0.0000,  2.0000,
    -24.8025,  0.0000,  2.0000,
    -24.8014,  0.0000,  2.0000,
    -24.7991,  0.0000,  2.0000,
    -24.7980,  0.0000,  2.0000,
    -24.7948,  0.0000,  2.0000,
    -24.7940,  0.0000,  2.0000,
    -24.7914,  0.0000,  2.0000,
    -24.7886,  0.0000,  2.0000,
    -24.7872,  0.0000,  2.0000,
    -24.7839,  0.0000,  2.0000,
    -24.7789,  0.0000,  2.0000,
    -24.7782,  0.0000,  2.0000,
    -24.7753,  0.0000,  2.0000,
    -24.7723,  0.0000,  2.0000,
    -24.7698,  0.0000,  2.0000,
    -24.7669,  0.0000,  2.0000,
    -24.7620,  0.0000,  2.0000,
    -24.7606,  0.0000,  2.0000,
    -24.7592,  0.0000,  2.0000,
    -24.7581,  0.0000,  2.0000,
    -24.7565,  0.0000,  2.0000,
    -24.7518,  0.0000,  2.0000,
    -24.7459,  0.0000,  2.0000,
    -24.7443,  0.0000,  2.0000,
    -24.7430,  0.0000,  2.0000,
    -24.7415,  0.0000,  2.0000,
    -24.7405,  0.0000,  2.0000,
    -24.7366,  0.0000,  2.0000,
    -24.7351,  0.0000,  2.0000,
    -24.7302,  0.0000,  2.0000,
    -24.7281,  0.0000,  2.0000,
    -24.7245,  0.0000,  2.0000,
    -24.7213,  0.0000,  2.0000,
    -24.7204,  0.0000,  2.0000,
    -24.7188,  0.0000,  2.0000,
    -24.7164,  0.0000,  2.0000,
    -24.7128,  0.0000,  2.0000,
    -24.7104,  0.0000,  2.0000,
    -24.7098,  0.0000,  2.0000,
    -24.7030,  0.0000,  2.0000,
    -24.7011,  0.0000,  2.0000,
    -24.7000,  0.0000,  2.0000,
    -24.6951,  0.0000,  2.0000,
    -24.6939,  0.0000,  2.0000,
    -24.6903,  0.0000,  2.0000,
    -24.6879,  0.0000,  2.0000,
    -24.6875,  0.0000,  2.0000,
    -24.6842,  0.0000,  2.0000,
    -24.6786,  0.0000,  2.0000,
    -24.6737,  0.0000,  2.0000,
    -24.6705,  0.0000,  2.0000,
    -24.6691,  0.0000,  2.0000,
    -24.6671,  0.0000,  2.0000,
    -24.6640,  0.0000,  2.0000,
    -24.6605,  0.0000,  2.0000,
    -24.6578,  0.0000,  2.0000,
    -24.6570,  0.0000,  2.0000,
    -24.6500,  0.0000,  2.0000,
    -24.6492,  0.0000,  2.0000,
    -24.6485,  0.0000,  2.0000,
    -24.6460,  0.0000,  2.0000,
    -24.6439,  0.0000,  2.0000,
    -24.6411,  0.0000,  2.0000,
    -24.6365,  0.0000,  2.0000,
    -24.6337,  0.0000,  2.0000,
    -24.6284,  0.0000,  2.0000,
    -24.6258,  0.0000,  2.0000,
    -24.6245,  0.0000,  2.0000,
    -24.6218,  0.0000,  2.0000,
    -24.6139,  0.0000,  2.0000,
    -24.6096,  0.0000,  2.0000,
    -24.6090,  0.0000,  2.0000,
    -24.6068,  0.0000,  2.0000,
    -24.6046,  0.0000,  2.0000,
    -24.5994,  0.0000,  2.0000,
    -24.5941,  0.0000,  2.0000,
    -24.5938,  0.0000,  2.0000,
    -24.5850,  0.0000,  2.0000,
    -24.5814,  0.0000,  2.0000,
    -24.5777,  0.0000,  2.0000,
    -24.5763,  0.0000,  2.0000,
    -24.5645,  0.0000,  2.0000,
    -24.5593,  0.0000,  2.0000,
    -24.5575,  0.0000,  2.0000,
    -24.5523,  0.0000,  2.0000,
    -24.5490,  0.0000,  2.0000,
    -24.5474,  0.0000,  2.0000,
    -24.5388,  0.0000,  2.0000,
    -24.5372,  0.0000,  2.0000,
    -24.5344,  0.0000,  2.0000,
    -24.5287,  0.0000,  2.0000,
    -24.5235,  0.0000,  2.0000,
    -24.5218,  0.0000,  2.0000,
    -24.5174,  0.0000,  2.0000,
    -24.5166,  0.0000,  2.0000,
    -24.5076,  0.0000,  2.0000,
    -24.4946,  0.0000,  2.0000,
    -24.4862,  0.0000,  2.0000,
    -24.4854,  0.0000,  2.0000,
    -24.4804,  0.0000,  2.0000,
    -24.4668,  0.0000,  2.0000,
    -24.4601,  0.0000,  2.0000,
    -24.4582,  0.0000,  2.0000,
    -24.4551,  0.0000,  2.0000,
    -24.4550,  0.0000,  2.0000,
    -24.4503,  0.0000,  2.0000,
    -24.4443,  0.0000,  2.0000,
    -24.4437,  0.0000,  2.0000,
    -24.4351,  0.0000,  2.0000,
    -24.4290,  0.0000,  2.0000,
    -24.4201,  0.0000,  2.0000,
    -24.4151,  0.0000,  2.0000,
    -24.4036,  0.0000,  2.0000,
    -24.3973,  0.0000,  2.0000,
    -24.3936,  0.0000,  2.0000,
    -24.3856,  0.0000,  2.0000,
    -24.3809,  0.0000,  2.0000,
    -24.3789,  0.0000,  2.0000,
    -24.3759,  0.0000,  2.0000,
    -24.3598,  0.0000,  2.0000,
    -24.3294,  0.0000,  2.0000,
    -24.3258,  0.0000,  2.0000,
    -24.3188,  0.0000,  2.0000,
    -24.2963,  0.0000,  2.0000,
    -24.2922,  0.0000,  2.0000,
    -24.2820,  0.0000,  2.0000,
    -24.2726,  0.0000,  2.0000,
    -24.2701,  0.0001,  2.0000,
    -24.2676,  0.0000,  2.0000,
    -24.2635,  0.0000,  2.0000,
    -24.2611,  0.0000,  2.0000,
    -24.2489,  0.0000,  2.0000,
    -24.2459,  0.0000,  2.0000,
    -24.2437,  0.0000,  2.0000,
    -24.2269,  0.0000,  2.0000,
    -24.1968,  0.0000,  2.0000,
    -24.1848,  0.0000,  2.0000,
    -24.1732,  0.0000,  2.0000,
    -24.1676,  0.0000,  2.0000,
    -24.1620,  0.0000,  2.0000,
    -24.1518,  0.0000,  2.0000,
    -24.1426,  0.0000,  2.0000,
    -24.1366,  0.0000,  2.0000,
    -24.1047,  0.0000,  2.0000,
    -24.0631,  0.0000,  2.0000,
    -24.0520,  0.0000,  2.0000,
    -24.0440,  0.0000,  2.0000,
    -23.9962,  0.0000,  2.0000,
    -23.9349,  0.0000,  2.0000,
    -23.8862,  0.0000,  2.0000,
    -11.7965,  0.0000,  2.0000,
    -11.4191,  0.0003,  2.0000,
    -11.4108,  0.0003,  2.0000,
    -11.4048,  0.0003,  2.0000,
    -10.9407,  0.0000,  2.0000,
    -10.9349,  0.0001,  2.0000,
    -10.7235,  0.0010,  2.0000,
    -10.7115,  0.0010,  2.0000,
    -10.6904,  0.0010,  2.0000,
    -10.2628,  0.0013,  2.0000,
    -10.2469,  0.0012,  2.0000,
    -10.2239,  0.0011,  2.0000,
    -10.1840,  0.0003,  2.0000,
    -10.1485,  0.0000,  2.0000,
    -10.1284,  0.0000,  2.0000,
    -10.1148,  0.0000,  2.0000,
     -9.4622,  0.0002,  2.0000,
     -9.4568,  0.0003,  2.0000,
     -8.8328,  0.0000,  2.0000,
     -8.5319,  0.0013,  2.0000,
     -8.5216,  0.0008,  2.0000,
     -8.5139,  0.0012,  2.0000,
     -8.5051,  0.0019,  2.0000,
     -8.5000,  0.0010,  2.0000,
     -8.4902,  0.0008,  2.0000,
     -7.9217,  0.0001,  2.0000,
     -7.9137,  0.0001,  2.0000,
     -7.8053,  0.0026,  2.0000,
     -7.7971,  0.0024,  2.0000,
     -7.7865,  0.0025,  2.0000,
     -7.0394,  0.0057,  2.0000,
     -7.0147,  0.0150,  2.0000,
     -7.0094,  0.0122,  2.0000,
     -6.9935,  0.0149,  2.0000,
     -5.0356,  0.0088,  2.0000,
     -5.0234,  0.0094,  2.0000,
     -4.9869,  0.0090,  2.0000,
     -4.9441,  0.0091,  2.0000,
     -4.9408,  0.0017,  2.0000,
     -4.9207,  0.0105,  2.0000,
     -4.8825,  0.0007,  2.0000,
     -4.8514,  0.0004,  2.0000,
     -4.8329,  0.0005,  2.0000,
     -4.7913,  0.0005,  2.0000,
     -4.7727,  0.0009,  2.0000,
     -4.7563,  0.0006,  2.0000,
     -4.6253,  0.0002,  2.0000,
     -4.6015,  0.0003,  2.0000,
     -4.5741,  0.0001,  2.0000,
     -4.3799,  0.0000,  2.0000,
     -4.3532,  0.0001,  2.0000,
     -4.3065,  0.0001,  2.0000,
     -4.1148,  0.0003,  2.0000,
     -4.0218,  0.0637,  2.0000,
     -3.9870,  0.0585,  2.0000,
     -3.8374,  0.0235,  2.0000,
     -3.8244,  0.0324,  2.0000,
     -3.7977,  0.0388,  2.0000,
     -3.7324,  0.0057,  2.0000,
     -3.7169,  0.0037,  2.0000,
     -3.7094,  0.0011,  2.0000,
     -3.6857,  0.0036,  2.0000,
     -3.5625,  0.4787,  2.0000,
     -3.5460,  0.3039,  2.0000,
     -3.5113,  0.3040,  2.0000,
     -3.4416,  0.3272,  2.0000,
     -3.4331,  0.3665,  2.0000,
     -3.3966,  0.4502,  2.0000,
     -3.3298,  0.6683,  2.0000,
     -3.2535,  0.6420,  2.0000,
     -3.0066,  0.0026,  2.0000,
     -2.9880,  0.0013,  2.0000,
     -2.9634,  0.0024,  2.0000,
     -2.9048,  0.0147,  2.0000,
     -2.8790,  0.0164,  2.0000,
     -2.8615,  0.0141,  2.0000,
     -2.6248,  0.0579,  2.0000,
     -2.5902,  0.0869,  2.0000,
     -2.5579,  0.1479,  2.0000,
     -2.2949,  0.0012,  2.0000,
     -2.2638,  0.0003,  2.0000,
     -2.2553,  0.0001,  2.0000,
     -2.1720,  0.0074,  2.0000,
     -2.1652,  0.0043,  2.0000,
     -2.1312,  0.0188,  2.0000,
     -2.1080,  0.1110,  2.0000,
     -2.0893,  0.0834,  2.0000,
     -2.0119,  0.0013,  2.0000,
     -2.0083,  0.0001,  2.0000,
     -1.9662,  0.0024,  2.0000,
     -0.6853,  0.1465,  2.0000,
     -0.6204,  0.1482,  0.9590,
     -0.6006,  0.1486,  0.0410,
      2.3812,  0.0000,  0.0000,
      2.7978,  0.0003,  0.0000,
      2.8319,  0.0002,  0.0000,
      2.8537,  0.0002,  0.0000,
      3.0450,  0.0014,  0.0000,
      3.0530,  0.0017,  0.0000,
      3.0568,  0.0019,  0.0000,
      3.7728,  0.0000,  0.0000,
      3.8849,  0.0001,  0.0000,
      3.9164,  0.0001,  0.0000,
      3.9401,  0.0001,  0.0000,
      3.9655,  0.0003,  0.0000,
      3.9712,  0.0002,  0.0000,
      4.3857,  0.0032,  0.0000,
      4.4165,  0.0036,  0.0000,
      4.4581,  0.0029,  0.0000,
      4.5449,  0.0052,  0.0000,
      4.5754,  0.0055,  0.0000,
      4.7578,  0.0016,  0.0000,
      4.7649,  0.0024,  0.0000,
      4.8158,  0.0022,  0.0000,
      5.0368,  0.0002,  0.0000,
      5.1422,  0.0014,  0.0000,
      5.1795,  0.0013,  0.0000,
      5.2422,  0.0026,  0.0000,
      5.2780,  0.0025,  0.0000,
      5.3050,  0.0022,  0.0000,
      5.5006,  0.0000,  0.0000,
      5.5342,  0.0000,  0.0000,
      5.5752,  0.0001,  0.0000,
      5.8120,  0.0001,  0.0000,
      5.8678,  0.0001,  0.0000,
      5.8883,  0.0000,  0.0000,
      6.1562,  0.0029,  0.0000,
      6.1759,  0.0027,  0.0000,
      6.2043,  0.0037,  0.0000,
      6.5593,  0.0026,  0.0000,
      6.5805,  0.0013,  0.0000,
      6.6110,  0.0012,  0.0000,
      6.6162,  0.0018,  0.0000,
      6.6614,  0.0012,  0.0000,
      6.6798,  0.0004,  0.0000,
      6.7576,  0.0001,  0.0000,
      6.7757,  0.0001,  0.0000,
      7.2446,  0.0008,  0.0000,
      7.2752,  0.0005,  0.0000,
      7.2952,  0.0001,  0.0000,
      7.3358,  0.0005,  0.0000,
      7.3652,  0.0003,  0.0000,
      7.3750,  0.0004,  0.0000,
      7.4225,  0.0001,  0.0000,
      7.5793,  0.0000,  0.0000,
      7.5900,  0.0000,  0.0000,
      7.6088,  0.0000,  0.0000,
      7.6241,  0.0000,  0.0000,
      7.8536,  0.0001,  0.0000,
      7.8738,  0.0002,  0.0000,
      7.9333,  0.0002,  0.0000,
      7.9620,  0.0001,  0.0000,
      7.9665,  0.0003,  0.0000,
      7.9831,  0.0002,  0.0000,
      8.4785,  0.0003,  0.0000,
      8.5291,  0.0003,  0.0000,
      8.7502,  0.0008,  0.0000,
      8.7649,  0.0006,  0.0000,
      8.7742,  0.0008,  0.0000,
      8.9788,  0.0000,  0.0000,
      9.0222,  0.0000,  0.0000,
      9.0607,  0.0000,  0.0000,
      9.1648,  0.0000,  0.0000,
      9.1665,  0.0000,  0.0000,
      9.2010,  0.0000,  0.0000,
      9.4032,  0.0000,  0.0000,
      9.4196,  0.0000,  0.0000,
      9.4577,  0.0000,  0.0000,
      9.5782,  0.0000,  0.0000,
      9.6211,  0.0000,  0.0000,
      9.6689,  0.0000,  0.0000,
      9.6938,  0.0001,  0.0000,
      9.8231,  0.0003,  0.0000,
      9.8612,  0.0004,  0.0000,
      9.9053,  0.0004,  0.0000,
      9.9515,  0.0005,  0.0000,
      9.9900,  0.0004,  0.0000,
     10.8629,  0.0000,  0.0000,
     12.1728,  0.0052,  0.0000,
     12.2881,  0.0052,  0.0000,
     12.3206,  0.0053,  0.0000,
