  CI trans.  energy frequency wavelength oscillator--------- polarization---------  dipole  ------ components-----
 st.  symm.    eV      cm - 1       nm      strength       x          y         z       moment     x       y       z 

   2      2.9283144    23619.    423.40  0.914177   0.567420   0.376769  -0.732175 29.303169 -16.118  -9.892  22.384
   3      4.1371059    33368.    299.69  0.040810   0.351368  -0.906122  -0.235549 30.807375 -16.470 -11.582  23.317
   4      4.2512816    34289.    291.64  0.080095  -0.381015  -0.772019   0.508737 32.087929 -17.792 -10.409  24.591
   5      4.7079082    37972.    263.35  0.254761  -0.596648  -0.223100   0.770868 32.654658 -18.389 -10.284  24.948
   6      4.8426783    39059.    256.02  0.148713  -0.069488   0.989834  -0.124101 29.551311 -15.915 -10.932  22.371
   7      5.6326940    45431.    220.11  0.026269  -0.338385   0.920757   0.194173 34.183005 -18.876 -12.040  25.830
   8      5.7812920    46629.    214.46  0.023612  -0.041722   0.996003  -0.078978 45.391460 -25.445 -14.519  34.671
   9      6.3813326    51469.    194.29  0.067461  -0.267517   0.955322   0.125677 39.683238 -21.321 -15.816  29.496
  10      6.6587586    53707.    186.20  0.083240   0.223629  -0.972264  -0.068511 38.602213 -21.637 -12.583  29.388
 