| Z ||NEQ||      XD     ||      YD     ||      ZD     |
   32    1   0.0000000000   0.0000000000  -5.7702999115
   32    1   0.0000000000   0.0000000000   5.7702999115
   32    1   0.0000000000  -5.7702999115   0.0000000000
   32    1   0.0000000000   5.7702999115   0.0000000000
   32    1  -5.7702999115   0.0000000000   0.0000000000
   32    1   5.7702999115   0.0000000000   0.0000000000
   32    2   2.8850998878   2.8850998878   0.0001000000
   32    2  -2.8850998878  -2.8850998878   0.0001000000
   32    2  -0.0001000000   2.8850998878  -2.8850998878
   32    2  -0.0001000000  -2.8850998878   2.8850998878
   32    2   0.0001000000   2.8850998878   2.8850998878
   32    2   0.0001000000  -2.8850998878  -2.8850998878
   32    2   2.8850998878  -2.8850998878  -0.0001000000
   32    2  -2.8850998878   2.8850998878  -0.0001000000
   32    2   2.8850998878   0.0001000000   2.8850998878
   32    2  -2.8850998878   0.0001000000  -2.8850998878
   32    2   2.8850998878  -0.0001000000  -2.8850998878
   32    2  -2.8850998878  -0.0001000000   2.8850998878
   32    3   0.0000000000   0.0000000000   0.0000000000
   32    4  -4.3277001381   1.4424999952   1.4424999952
   32    4   1.4424999952  -4.3277001381   1.4424999952
   32    4   1.4424999952   1.4424999952  -4.3277001381
   32    4  -4.3277001381  -1.4424999952  -1.4424999952
   32    4   1.4424999952  -1.4424999952   4.3277997971
   32    4   1.4424999952   4.3277001381  -1.4424999952
   32    4  -1.4424999952  -1.4424999952  -4.3277997971
   32    4  -1.4424999952   4.3277997971   1.4424999952
   32    4   4.3277997971  -1.4424999952   1.4424999952
   32    4  -1.4424999952  -4.3277001381  -1.4424999952
   32    4  -1.4424999952   1.4424999952   4.3277997971
   32    4   4.3277001381   1.4424999952  -1.4424999952
   32    5  -1.4424999952  -1.4424999952   1.4424999952
   32    5   1.4424999952  -1.4424999952  -1.4424999952
   32    5   1.4424999952   1.4424999952   1.4424999952
   32    5  -1.4424999952   1.4424999952  -1.4424999952
    1    6   0.8993999958   6.6542000771   0.8838999867
    1    6  -0.8838999867   6.6542000771  -0.8993999958
    1    7   2.3264999390   5.2272000313  -2.3264000416
    1    7  -2.3264000416   5.2272000313   2.3264999390
    1    8   3.7690999508   3.7846000195   0.8840000033
    1    8   0.8840000033   3.7846000195   3.7690999508
    1    8  -0.8840000033   3.7690999508  -3.7846000195
    1    8  -3.7846000195   3.7690999508  -0.8840000033
    1    8  -3.7846000195   0.8840000033  -3.7690999508
    1    6  -0.8838999867   0.8993999958  -6.6542000771
    1    6   0.8993999958  -0.8838999867  -6.6542000771
    1    7  -5.2272000313   2.3264999390   2.3264999390
    1    6  -6.6542000771  -0.8838999867   0.8993999958
    1    6  -6.6542000771   0.8993999958  -0.8838999867
    1    7   5.2272000313   2.3264999390  -2.3264000416
    1    6   6.6542000771   0.8838999867   0.8993999958
    1    6   6.6542000771  -0.8993999958  -0.8838999867
    1    8   3.7690999508  -0.8840000033  -3.7846000195
    1    8   3.7690999508  -3.7846000195  -0.8840000033
    1    8   0.8840000033  -3.7690999508  -3.7846000195
    1    7  -2.3264000416  -2.3264000416  -5.2272000313
    1    7   5.2272000313  -2.3264000416   2.3264999390
    1    7  -2.3264999390  -5.2272000313  -2.3264999390
    1    7   2.3264999390  -5.2272000313   2.3264999390
    1    6   0.8993999958  -6.6542000771  -0.8838999867
    1    6  -0.8838999867  -6.6542000771   0.8993999958
    1    7   2.3264999390   2.3264999390  -5.2272000313
    1    8  -0.8840000033  -3.7846000195   3.7690999508
    1    7   2.3264999390  -2.3264999390   5.2272000313
    1    6  -0.8838999867  -0.8993999958   6.6542000771
    1    6   0.8993999958   0.8838999867   6.6542000771
    1    8   3.7690999508   0.8840000033   3.7846000195
    1    7  -2.3264999390   2.3264999390   5.2272000313
    1    8  -3.7846000195  -0.8840000033   3.7690999508
    1    7  -5.2272000313  -2.3264999390  -2.3264999390
    1    8  -3.7846000195  -3.7690999508   0.8840000033
---------------------------------------------
|NEQ||  CHG   ||U/D||   RD   ||   VD   |    1
---------------------------------------------
    0     Unit     (0:angstrom  1:atomic)
    0     Spin     (0:non-spin  1:spin  )
    0     M.P.     (0:No        1:Yes   )
    0     Sample Point ( <100000, =0 autoset )

Deviation of Coordination Number :  .01 %
Deviation of Length from Center  :  .01 %
