 -10807.8149,  0.0000,  2.0000,
 -10803.9935,  0.0000,  2.0000,
 -10802.6065,  0.0000,  2.0000,
 -10802.0582,  0.0000,  2.0000,
 -10798.6052,  0.0000,  2.0000,
 -10798.4490,  0.0000,  2.0000,
 -10794.4793,  0.0000,  2.0000,
 -10793.8459,  0.0000,  2.0000,
 -10793.4774,  0.0000,  2.0000,
 -10792.9541,  0.0000,  2.0000,
 -10792.5089,  0.0000,  2.0000,
 -10792.4492,  0.0000,  2.0000,
 -10791.8200,  0.0000,  2.0000,
 -10791.6010,  0.0000,  2.0000,
 -10791.3207,  0.0000,  2.0000,
 -10791.1836,  0.0000,  2.0000,
 -10791.1781,  0.0000,  2.0000,
 -10790.8281,  0.0000,  2.0000,
 -10790.6823,  0.0000,  2.0000,
 -10790.6685,  0.0000,  2.0000,
 -10790.5752,  0.0000,  2.0000,
 -10790.4324,  0.0000,  2.0000,
 -10790.3905,  0.0000,  2.0000,
 -10790.1573,  0.0000,  2.0000,
 -10789.9650,  0.0000,  2.0000,
 -10789.5391,  0.0000,  2.0000,
 -10788.5702,  0.0000,  2.0000,
 -10788.4684,  0.0000,  2.0000,
 -10788.4678,  0.0000,  2.0000,
 -10788.2584,  0.0000,  2.0000,
 -10787.7130,  0.0000,  2.0000,
 -10787.6691,  0.0000,  2.0000,
 -10787.4919,  0.0000,  2.0000,
 -10787.4446,  0.0000,  2.0000,
 -10787.4214,  0.0000,  2.0000,
  -1331.5688,  0.0000,  2.0000,
  -1331.5427,  0.0000,  2.0000,
  -1331.5178,  0.0000,  2.0000,
  -1331.4852,  0.0000,  2.0000,
  -1331.3782,  0.0000,  2.0000,
  -1331.3716,  0.0000,  2.0000,
  -1331.3487,  0.0000,  2.0000,
  -1331.3461,  0.0000,  2.0000,
  -1331.2901,  0.0000,  2.0000,
  -1331.2394,  0.0000,  2.0000,
  -1331.2063,  0.0000,  2.0000,
  -1331.1614,  0.0000,  2.0000,
  -1331.1576,  0.0000,  2.0000,
  -1331.1140,  0.0000,  2.0000,
  -1331.1094,  0.0000,  2.0000,
  -1331.1000,  0.0000,  2.0000,
  -1331.0865,  0.0000,  2.0000,
  -1331.0851,  0.0000,  2.0000,
  -1331.0587,  0.0000,  2.0000,
  -1331.0435,  0.0000,  2.0000,
  -1331.0364,  0.0000,  2.0000,
  -1330.9922,  0.0000,  2.0000,
  -1330.9428,  0.0000,  2.0000,
  -1330.9129,  0.0000,  2.0000,
  -1330.8876,  0.0000,  2.0000,
  -1330.8606,  0.0000,  2.0000,
  -1330.8595,  0.0000,  2.0000,
  -1330.8479,  0.0000,  2.0000,
  -1330.7642,  0.0000,  2.0000,
  -1330.7505,  0.0000,  2.0000,
  -1330.7451,  0.0000,  2.0000,
  -1330.7096,  0.0000,  2.0000,
  -1330.5803,  0.0000,  2.0000,
  -1330.5056,  0.0000,  2.0000,
  -1330.1246, -0.0001,  2.0000,
  -1186.9005,  0.0000,  2.0000,
  -1186.8915,  0.0000,  2.0000,
  -1186.8528,  0.0000,  2.0000,
  -1186.7654,  0.0000,  2.0000,
  -1186.7384,  0.0000,  2.0000,
  -1186.6519,  0.0000,  2.0000,
  -1186.5843, -0.0001,  2.0000,
  -1186.5284,  0.0000,  2.0000,
  -1186.5184,  0.0000,  2.0000,
  -1186.5135,  0.0000,  2.0000,
  -1186.5111,  0.0000,  2.0000,
  -1186.5069,  0.0000,  2.0000,
  -1186.5059,  0.0000,  2.0000,
  -1186.4575,  0.0000,  2.0000,
  -1186.4368,  0.0000,  2.0000,
  -1186.4321,  0.0000,  2.0000,
  -1186.4195,  0.0000,  2.0000,
  -1186.4182,  0.0000,  2.0000,
  -1186.4156,  0.0000,  2.0000,
  -1186.4127,  0.0000,  2.0000,
  -1186.4014,  0.0000,  2.0000,
  -1186.3985,  0.0000,  2.0000,
  -1186.3721,  0.0000,  2.0000,
  -1186.3719,  0.0000,  2.0000,
  -1186.3710,  0.0000,  2.0000,
  -1186.3305,  0.0000,  2.0000,
  -1186.3301,  0.0000,  2.0000,
  -1186.3059,  0.0000,  2.0000,
  -1186.3007,  0.0000,  2.0000,
  -1186.2986,  0.0000,  2.0000,
  -1186.2957,  0.0000,  2.0000,
  -1186.2839,  0.0000,  2.0000,
  -1186.2811,  0.0000,  2.0000,
  -1186.2683,  0.0000,  2.0000,
  -1186.2654,  0.0000,  2.0000,
  -1186.2503,  0.0000,  2.0000,
  -1186.2499,  0.0000,  2.0000,
  -1186.2403,  0.0000,  2.0000,
  -1186.2254,  0.0000,  2.0000,
  -1186.2253,  0.0000,  2.0000,
  -1186.2148,  0.0000,  2.0000,
  -1186.2062,  0.0000,  2.0000,
  -1186.1990,  0.0000,  2.0000,
  -1186.1812,  0.0000,  2.0000,
  -1186.1808,  0.0000,  2.0000,
  -1186.1730,  0.0000,  2.0000,
  -1186.1719,  0.0000,  2.0000,
  -1186.1709, -0.0001,  2.0000,
  -1186.1524,  0.0000,  2.0000,
  -1186.1445,  0.0000,  2.0000,
  -1186.1298,  0.0000,  2.0000,
  -1186.1215,  0.0000,  2.0000,
  -1186.1110,  0.0000,  2.0000,
  -1186.1062,  0.0000,  2.0000,
  -1186.1017,  0.0000,  2.0000,
  -1186.0812,  0.0000,  2.0000,
  -1186.0779,  0.0000,  2.0000,
  -1186.0678,  0.0000,  2.0000,
  -1186.0530,  0.0000,  2.0000,
  -1186.0499,  0.0000,  2.0000,
  -1186.0343,  0.0000,  2.0000,
  -1186.0326,  0.0000,  2.0000,
  -1186.0219,  0.0000,  2.0000,
  -1186.0138,  0.0000,  2.0000,
  -1186.0128,  0.0000,  2.0000,
  -1185.9915,  0.0000,  2.0000,
  -1185.9744,  0.0000,  2.0000,
  -1185.9642,  0.0000,  2.0000,
  -1185.9267,  0.0000,  2.0000,
  -1185.9258,  0.0000,  2.0000,
  -1185.9217,  0.0000,  2.0000,
  -1185.8924,  0.0000,  2.0000,
  -1185.6939,  0.0000,  2.0000,
  -1185.5858,  0.0000,  2.0000,
  -1185.2639,  0.0000,  2.0000,
  -1185.2454,  0.0000,  2.0000,
  -1185.0802,  0.0000,  2.0000,
  -1184.8339,  0.0000,  2.0000,
  -1184.8003,  0.0000,  2.0000,
  -1184.5366,  0.0000,  2.0000,
  -1184.3634, -0.0002,  2.0000,
  -1183.5531,  0.0000,  2.0000,
  -1183.3915,  0.0000,  2.0000,
  -1183.1919,  0.0000,  2.0000,
  -1183.0236,  0.0000,  2.0000,
  -1182.8619,  0.0000,  2.0000,
  -1182.8585,  0.0000,  2.0000,
  -1182.7773,  0.0000,  2.0000,
  -1182.7253,  0.0000,  2.0000,
  -1182.4560,  0.0000,  2.0000,
  -1182.4529,  0.0000,  2.0000,
  -1182.1286,  0.0000,  2.0000,
  -1181.7471,  0.0000,  2.0000,
  -1181.4104,  0.0000,  2.0000,
  -1181.2744,  0.0000,  2.0000,
  -1181.2663,  0.0000,  2.0000,
  -1180.5247,  0.0000,  2.0000,
  -1179.9794,  0.0000,  2.0000,
  -1179.4739,  0.0000,  2.0000,
  -1176.4235,  0.0000,  2.0000,
  -1176.1781,  0.0000,  2.0000,
  -1173.1917,  0.0000,  2.0000,
  -1173.1249,  0.0000,  2.0000,
  -1171.3273,  0.0000,  2.0000,
  -1168.7434,  0.0000,  2.0000,
   -156.6475,  0.0000,  2.0000,
   -156.6376,  0.0000,  2.0000,
   -156.6269,  0.0000,  2.0000,
   -156.6227,  0.0000,  2.0000,
   -156.6212,  0.0000,  2.0000,
   -156.6203,  0.0000,  2.0000,
   -156.6171,  0.0000,  2.0000,
   -156.6128,  0.0000,  2.0000,
   -156.6093,  0.0000,  2.0000,
   -156.6083,  0.0000,  2.0000,
   -156.5991,  0.0000,  2.0000,
   -156.5914,  0.0000,  2.0000,
   -156.5891,  0.0000,  2.0000,
   -156.5871,  0.0000,  2.0000,
   -156.5837,  0.0000,  2.0000,
   -156.5808,  0.0000,  2.0000,
   -156.5660,  0.0000,  2.0000,
   -156.5565,  0.0000,  2.0000,
   -156.5482,  0.0000,  2.0000,
   -156.5355,  0.0000,  2.0000,
   -156.5258,  0.0000,  2.0000,
   -156.5253,  0.0000,  2.0000,
   -156.5034,  0.0000,  2.0000,
   -156.4966,  0.0000,  2.0000,
   -156.4810,  0.0000,  2.0000,
   -156.4682, -0.0006,  2.0000,
   -156.4543,  0.0000,  2.0000,
   -156.4511,  0.0000,  2.0000,
   -156.4349,  0.0000,  2.0000,
   -156.4167,  0.0000,  2.0000,
   -156.3907,  0.0000,  2.0000,
   -156.3780,  0.0000,  2.0000,
   -156.3101,  0.0000,  2.0000,
   -156.2875,  0.0000,  2.0000,
   -156.0934,  0.0000,  2.0000,
   -108.7025,  0.0000,  2.0000,
   -108.6775,  0.0000,  2.0000,
   -108.6578,  0.0000,  2.0000,
   -108.6316,  0.0000,  2.0000,
   -108.6294,  0.0000,  2.0000,
   -108.6263,  0.0000,  2.0000,
   -108.6130,  0.0000,  2.0000,
   -108.6129,  0.0000,  2.0000,
   -108.6085,  0.0000,  2.0000,
   -108.5978,  0.0000,  2.0000,
   -108.5866,  0.0000,  2.0000,
   -108.5862,  0.0000,  2.0000,
   -108.5851,  0.0000,  2.0000,
   -108.5841,  0.0000,  2.0000,
   -108.5838,  0.0000,  2.0000,
   -108.5774,  0.0000,  2.0000,
   -108.5712,  0.0000,  2.0000,
   -108.5695,  0.0000,  2.0000,
   -108.5683,  0.0000,  2.0000,
   -108.5654,  0.0000,  2.0000,
   -108.5598,  0.0000,  2.0000,
   -108.5577,  0.0000,  2.0000,
   -108.5562,  0.0000,  2.0000,
   -108.5517,  0.0000,  2.0000,
   -108.5473,  0.0000,  2.0000,
   -108.5409,  0.0000,  2.0000,
   -108.5392,  0.0000,  2.0000,
   -108.5369,  0.0000,  2.0000,
   -108.5331,  0.0000,  2.0000,
   -108.5207,  0.0000,  2.0000,
   -108.5168,  0.0000,  2.0000,
   -108.5155,  0.0000,  2.0000,
   -108.5132,  0.0000,  2.0000,
   -108.5114,  0.0000,  2.0000,
   -108.5108,  0.0000,  2.0000,
   -108.5093,  0.0000,  2.0000,
   -108.5027,  0.0000,  2.0000,
   -108.5015,  0.0000,  2.0000,
   -108.4985,  0.0000,  2.0000,
   -108.4959,  0.0000,  2.0000,
   -108.4838,  0.0000,  2.0000,
   -108.4722, -0.0011,  2.0000,
   -108.4601,  0.0000,  2.0000,
   -108.4598,  0.0000,  2.0000,
   -108.4535,  0.0000,  2.0000,
   -108.4444,  0.0000,  2.0000,
   -108.4320,  0.0000,  2.0000,
   -108.4305,  0.0000,  2.0000,
   -108.4270,  0.0000,  2.0000,
   -108.4226,  0.0000,  2.0000,
   -108.4183,  0.0000,  2.0000,
   -108.4044,  0.0000,  2.0000,
   -108.4032,  0.0000,  2.0000,
   -108.4000,  0.0000,  2.0000,
   -108.3946,  0.0000,  2.0000,
   -108.3931,  0.0000,  2.0000,
   -108.3863,  0.0000,  2.0000,
   -108.3722,  0.0000,  2.0000,
   -108.3636,  0.0000,  2.0000,
   -108.3550,  0.0000,  2.0000,
   -108.3549,  0.0000,  2.0000,
   -108.3362,  0.0000,  2.0000,
   -108.3235,  0.0000,  2.0000,
   -108.3008,  0.0000,  2.0000,
   -108.2885,  0.0000,  2.0000,
   -108.2744,  0.0000,  2.0000,
   -108.2681,  0.0000,  2.0000,
   -108.2670,  0.0000,  2.0000,
   -108.2102,  0.0000,  2.0000,
   -108.2046,  0.0000,  2.0000,
   -108.1944,  0.0000,  2.0000,
   -108.1839,  0.0000,  2.0000,
   -108.1603,  0.0000,  2.0000,
   -108.1548,  0.0000,  2.0000,
   -108.1140, -0.0004,  2.0000,
   -108.1086,  0.0000,  2.0000,
   -108.0402,  0.0000,  2.0000,
   -108.0394,  0.0000,  2.0000,
   -108.0058,  0.0000,  2.0000,
   -107.9748,  0.0000,  2.0000,
   -107.9691,  0.0000,  2.0000,
   -107.9483,  0.0000,  2.0000,
   -107.9286,  0.0000,  2.0000,
   -107.9138,  0.0000,  2.0000,
   -107.8709,  0.0000,  2.0000,
   -107.8592,  0.0000,  2.0000,
   -107.8308,  0.0000,  2.0000,
   -107.7986,  0.0000,  2.0000,
   -107.7846,  0.0000,  2.0000,
   -107.7719,  0.0000,  2.0000,
   -107.7423,  0.0000,  2.0000,
   -107.7288, -0.0005,  2.0000,
   -107.6492,  0.0000,  2.0000,
   -107.6340,  0.0000,  2.0000,
   -107.6208,  0.0000,  2.0000,
   -107.5827,  0.0000,  2.0000,
   -107.5750,  0.0000,  2.0000,
   -107.5272,  0.0000,  2.0000,
   -107.5152,  0.0000,  2.0000,
   -107.0708,  0.0000,  2.0000,
   -106.5351,  0.0000,  2.0000,
   -106.3101,  0.0000,  2.0000,
   -106.1030,  0.0000,  2.0000,
   -106.0769,  0.0000,  2.0000,
   -105.8143,  0.0000,  2.0000,
    -24.9147,  0.0236,  2.0000,
    -24.9110,  0.0016,  2.0000,
    -24.9103,  0.0040,  2.0000,
    -24.8924,  0.0034,  2.0000,
    -24.8914,  0.0649,  2.0000,
    -24.8870,  0.0030,  2.0000,
    -24.8848,  0.0054,  2.0000,
    -24.8828,  0.0458,  2.0000,
    -24.8797,  0.0994,  2.0000,
    -24.8776,  0.0051,  2.0000,
    -24.8737,  0.0025,  2.0000,
    -24.8715,  0.0421,  2.0000,
    -24.8707,  0.0161,  2.0000,
    -24.8664,  0.0305,  2.0000,
    -24.8631,  0.0123,  2.0000,
    -24.8626,  0.0295,  2.0000,
    -24.8609,  0.0091,  2.0000,
    -24.8583,  0.0229,  2.0000,
    -24.8562,  0.2322,  2.0000,
    -24.8536,  0.1025,  2.0000,
    -24.8503,  0.0263,  2.0000,
    -24.8482,  0.0110,  2.0000,
    -24.8473,  0.0007,  2.0000,
    -24.8461,  0.0404,  2.0000,
    -24.8382,  0.0016,  2.0000,
    -24.8351,  0.0307,  2.0000,
    -24.8347,  0.0067,  2.0000,
    -24.8331,  0.0481,  2.0000,
    -24.8322,  0.0083,  2.0000,
    -24.8315,  0.0015,  2.0000,
    -24.8286,  0.0104,  2.0000,
    -24.8268,  0.0125,  2.0000,
    -24.8242,  0.0054,  2.0000,
    -24.8210,  0.0094,  2.0000,
    -24.8177,  0.0145,  2.0000,
    -24.8154,  0.0340,  2.0000,
    -24.8108,  0.0179,  2.0000,
    -24.8086,  0.0015,  2.0000,
    -24.8059,  0.0604,  2.0000,
    -24.8049,  0.0155,  2.0000,
    -24.8015,  0.0059,  2.0000,
    -24.8000,  0.0885,  2.0000,
    -24.7965,  0.0088,  2.0000,
    -24.7945,  0.0217,  2.0000,
    -24.7934,  0.0467,  2.0000,
    -24.7866,  0.0303,  2.0000,
    -24.7829,  0.0086,  2.0000,
    -24.7820,  0.0139,  2.0000,
    -24.7807,  0.0090,  2.0000,
    -24.7797,  0.0190,  2.0000,
    -24.7750,  0.0370,  2.0000,
    -24.7746,  0.0028,  2.0000,
    -24.7703,  0.0245,  2.0000,
    -24.7698,  0.0640,  2.0000,
    -24.7665,  0.0163,  2.0000,
    -24.7662,  0.0170,  2.0000,
    -24.7598,  0.0142,  2.0000,
    -24.7573,  0.0391,  2.0000,
    -24.7533,  0.0173,  2.0000,
    -24.7515,  0.0714,  2.0000,
    -24.7501,  0.0066,  2.0000,
    -24.7466,  0.0063,  2.0000,
    -24.7407,  0.0600,  2.0000,
    -24.7387,  0.0267,  2.0000,
    -24.7347,  0.0272,  2.0000,
    -24.7308,  0.0124,  2.0000,
    -24.7255,  0.0156,  2.0000,
    -24.7238,  0.0675,  2.0000,
    -24.7216,  0.0169,  2.0000,
    -24.7190,  0.0236,  2.0000,
    -24.7188,  0.0192,  2.0000,
    -24.7111,  0.0233,  2.0000,
    -24.7102,  0.0268,  2.0000,
    -24.7097,  0.0104,  2.0000,
    -24.7079,  0.0235,  2.0000,
    -24.7046,  0.0430,  2.0000,
    -24.7026,  0.0210,  2.0000,
    -24.7009,  0.0503,  2.0000,
    -24.6972,  0.0115,  2.0000,
    -24.6932,  0.0047,  2.0000,
    -24.6922,  0.0092,  2.0000,
    -24.6902,  0.1116,  2.0000,
    -24.6866,  0.0319,  2.0000,
    -24.6813,  0.0542,  2.0000,
    -24.6787,  0.0656,  2.0000,
    -24.6761,  0.0308,  2.0000,
    -24.6709,  0.0241,  2.0000,
    -24.6684,  0.0157,  2.0000,
    -24.6648,  0.0491,  2.0000,
    -24.6583,  0.0109,  2.0000,
    -24.6578,  0.0143,  2.0000,
    -24.6542,  0.0230,  2.0000,
    -24.6494,  0.0360,  2.0000,
    -24.6472,  0.0082,  2.0000,
    -24.6456,  0.0181,  2.0000,
    -24.6420,  0.0047,  2.0000,
    -24.6385,  0.0087,  2.0000,
    -24.6374,  0.0176,  2.0000,
    -24.6341,  0.1179,  2.0000,
    -24.6288,  0.0494,  2.0000,
    -24.6227,  0.0306,  2.0000,
    -24.6193,  0.1066,  2.0000,
    -24.6171,  0.0282,  2.0000,
    -24.6130,  0.0523,  2.0000,
    -24.6109,  0.0256,  2.0000,
    -24.6081,  0.0439,  2.0000,
    -24.6055,  0.0304,  2.0000,
    -24.6025,  0.0335,  2.0000,
    -24.5958,  0.0318,  2.0000,
    -24.5895,  0.0233,  2.0000,
    -24.5857,  0.0191,  2.0000,
    -24.5796,  0.0345,  2.0000,
    -24.5755,  0.0431,  2.0000,
    -24.5734,  0.0089,  2.0000,
    -24.5671,  0.0055,  2.0000,
    -24.5637,  0.0565,  2.0000,
    -24.5576,  0.0537,  2.0000,
    -24.5493,  0.1723,  2.0000,
    -24.5466,  0.1841,  2.0000,
    -24.5456,  0.0375,  2.0000,
    -24.5424,  0.0226,  2.0000,
    -24.5412,  0.0278,  2.0000,
    -24.5341,  0.0185,  2.0000,
    -24.5311,  0.0788,  2.0000,
    -24.5236,  0.1513,  2.0000,
    -24.5220,  0.0485,  2.0000,
    -24.5185,  0.0848,  2.0000,
    -24.5103,  0.0349,  2.0000,
    -24.5064,  0.0477,  2.0000,
    -24.5025,  0.0466,  2.0000,
    -24.4909,  0.0519,  2.0000,
    -24.4897,  0.0516,  2.0000,
    -24.4851,  0.0033,  2.0000,
    -24.4818,  0.0057,  2.0000,
    -24.4788,  0.0068,  2.0000,
    -24.4715,  0.0021,  2.0000,
    -24.4567,  0.0022,  2.0000,
    -24.4435,  0.0157,  2.0000,
    -24.4385,  0.0006,  2.0000,
    -24.4342,  0.0017,  2.0000,
    -24.4237,  0.0276,  2.0000,
    -24.4216,  0.0018,  2.0000,
    -24.4164,  0.0801,  2.0000,
    -24.4049,  0.0002,  2.0000,
    -24.3907,  0.0039,  2.0000,
    -24.3816,  0.0025,  2.0000,
    -24.3801,  0.0001,  2.0000,
    -24.3747,  0.1460,  2.0000,
    -24.3627,  0.1082,  2.0000,
    -24.3585,  0.0079,  2.0000,
    -24.3458,  0.0043,  2.0000,
    -24.3350,  0.0002,  2.0000,
    -24.3174,  0.0002,  2.0000,
    -24.3168,  0.0017,  2.0000,
    -24.3075,  0.0036,  2.0000,
    -24.2992,  0.0003,  2.0000,
    -24.2964,  0.0029,  2.0000,
    -24.2884,  0.0009,  2.0000,
    -24.2871,  0.0015,  2.0000,
    -24.2652,  0.0001,  2.0000,
    -24.2555,  0.0055,  2.0000,
    -24.2358,  0.0041,  2.0000,
    -24.2205,  0.0004,  2.0000,
    -24.2126,  0.0000,  2.0000,
    -24.1978,  0.0000,  2.0000,
    -24.1830,  0.0000,  2.0000,
    -24.1777,  0.0000,  2.0000,
    -24.1664,  0.0064,  2.0000,
    -24.1350,  0.0013,  2.0000,
    -24.1229,  0.0000,  2.0000,
    -24.1040,  0.0002,  2.0000,
    -24.0988,  0.0005,  2.0000,
    -24.0380,  0.0000,  2.0000,
    -23.8478,  0.0001,  2.0000,
    -23.7611,  0.0000,  2.0000,
    -11.9803,  0.0876,  2.0000,
    -11.4673,  0.0044,  2.0000,
    -11.4588,  0.0042,  2.0000,
    -11.4448,  0.0042,  2.0000,
    -10.9782,  0.0000,  2.0000,
    -10.9605,  0.0002,  2.0000,
    -10.7691,  0.0100,  2.0000,
    -10.7642,  0.0044,  2.0000,
    -10.7544,  0.0027,  2.0000,
    -10.7160,  0.2201,  2.0000,
    -10.3092,  0.0085,  2.0000,
    -10.2959,  0.0079,  2.0000,
    -10.2841,  0.0083,  2.0000,
    -10.1913,  0.0000,  2.0000,
    -10.1816,  0.0001,  2.0000,
    -10.1695,  0.0001,  2.0000,
     -9.5274,  0.1171,  2.0000,
     -9.5155,  0.0128,  2.0000,
     -9.5085,  0.0205,  2.0000,
     -8.5909,  0.0068,  2.0000,
     -8.5781,  0.0054,  2.0000,
     -8.5611,  0.0072,  2.0000,
     -8.5494,  0.0015,  2.0000,
     -8.5286,  0.0008,  2.0000,
     -8.5217,  0.0002,  2.0000,
     -7.9457,  0.0011,  2.0000,
     -7.9424,  0.0010,  2.0000,
     -7.8780,  0.0319,  2.0000,
     -7.8742,  0.0223,  2.0000,
     -7.8697,  0.0279,  2.0000,
     -7.8500,  0.1295,  2.0000,
     -7.1132,  0.0247,  2.0000,
     -7.0887,  0.0274,  2.0000,
     -7.0823,  0.0251,  2.0000,
     -5.7150,  0.1464,  2.0000,
     -5.0480,  0.0043,  2.0000,
     -5.0165,  0.0047,  2.0000,
     -5.0155,  0.0048,  2.0000,
     -4.9425,  0.0009,  2.0000,
     -4.9341,  0.0001,  2.0000,
     -4.9136,  0.0002,  2.0000,
     -4.8959,  0.0002,  2.0000,
     -4.8753,  0.0003,  2.0000,
     -4.8626,  0.0007,  2.0000,
     -4.8283,  0.0008,  2.0000,
     -4.8105,  0.0011,  2.0000,
     -4.7966,  0.0013,  2.0000,
     -4.6370,  0.0017,  2.0000,
     -4.6139,  0.0015,  2.0000,
     -4.5995,  0.0014,  2.0000,
     -4.3913,  0.0000,  2.0000,
     -4.3803,  0.0001,  2.0000,
     -4.3693,  0.0000,  2.0000,
     -4.1228,  0.0018,  2.0000,
     -3.9743,  0.0005,  2.0000,
     -3.9536,  0.0000,  2.0000,
     -3.8552,  0.0025,  2.0000,
     -3.8291,  0.0010,  2.0000,
     -3.8188,  0.0020,  2.0000,
     -3.7235,  0.0002,  2.0000,
     -3.7171,  0.0005,  2.0000,
     -3.6961,  0.0003,  2.0000,
     -3.4792,  0.0180,  2.0000,
     -3.4634,  0.0122,  2.0000,
     -3.4459,  0.0211,  2.0000,
     -3.3009,  0.1353,  2.0000,
     -3.2573,  0.1316,  2.0000,
     -3.2205,  0.1330,  2.0000,
     -3.0910,  0.0045,  2.0000,
     -3.0506,  0.0019,  2.0000,
     -3.0319,  0.0022,  2.0000,
     -2.8191,  0.0012,  2.0000,
     -2.7654,  0.0013,  2.0000,
     -2.6791,  0.0007,  2.0000,
     -2.5729,  0.1218,  2.0000,
     -2.5276,  0.1161,  2.0000,
     -2.5177,  0.1149,  2.0000,
     -2.4087,  0.0032,  2.0000,
     -2.3871,  0.0019,  2.0000,
     -2.3640,  0.0025,  2.0000,
     -2.3586,  0.0014,  2.0000,
     -2.3333,  0.0060,  2.0000,
     -2.0831,  0.0040,  2.0000,
     -2.0447,  0.0111,  2.0000,
     -2.0384,  0.0135,  2.0000,
     -2.0032,  0.0444,  2.0000,
     -1.9803,  0.0570,  2.0000,
     -1.9504,  0.0397,  2.0000,
      2.0376,  0.0631,  0.0000,
      2.5881,  0.0390,  0.0000,
      2.6175,  0.0320,  0.0000,
      2.6394,  0.0322,  0.0000,
      2.7216,  0.0798,  0.0000,
      2.9327,  0.0202,  0.0000,
      2.9468,  0.0149,  0.0000,
      2.9633,  0.0198,  0.0000,
      3.7947,  0.0006,  0.0000,
      3.8205,  0.0000,  0.0000,
      3.8555,  0.0002,  0.0000,
      3.8977,  0.0008,  0.0000,
      3.9267,  0.0010,  0.0000,
      4.1778,  0.0527,  0.0000,
      4.2049,  0.0405,  0.0000,
      4.2544,  0.0215,  0.0000,
      4.2798,  0.1023,  0.0000,
      4.3084,  0.1515,  0.0000,
      4.3955,  0.1326,  0.0000,
      4.4584,  0.0092,  0.0000,
      4.4859,  0.0061,  0.0000,
      4.6039,  0.0699,  0.0000,
      5.1143,  0.0288,  0.0000,
      5.1286,  0.0382,  0.0000,
      5.1673,  0.0175,  0.0000,
      5.1796,  0.0261,  0.0000,
      5.2068,  0.0009,  0.0000,
      5.2497,  0.0064,  0.0000,
      5.4059,  0.0005,  0.0000,
      5.4429,  0.0011,  0.0000,
      5.4793,  0.0014,  0.0000,
      5.7914,  0.0010,  0.0000,
      5.7918,  0.0006,  0.0000,
      5.8232,  0.0003,  0.0000,
      6.0286,  0.0294,  0.0000,
      6.0371,  0.0331,  0.0000,
      6.1118,  0.0276,  0.0000,
      6.3839,  0.0692,  0.0000,
      6.4091,  0.0701,  0.0000,
      6.4521,  0.0795,  0.0000,
      6.5341,  0.0069,  0.0000,
      6.6096,  0.0003,  0.0000,
      6.7440,  0.0005,  0.0000,
      6.7922,  0.0025,  0.0000,
      6.8301,  0.0045,  0.0000,
      7.0906,  0.0653,  0.0000,
      7.1129,  0.0076,  0.0000,
      7.1626,  0.0472,  0.0000,
      7.1726,  0.0608,  0.0000,
      7.1890,  0.0012,  0.0000,
      7.2463,  0.0358,  0.0000,
      7.2914,  0.0126,  0.0000,
      7.3030,  0.0163,  0.0000,
      7.3217,  0.0015,  0.0000,
      7.3838,  0.0024,  0.0000,
      7.6103,  0.0008,  0.0000,
      7.6394,  0.0001,  0.0000,
      7.6911,  0.0007,  0.0000,
      7.8007,  0.0001,  0.0000,
      7.8051,  0.0001,  0.0000,
      7.8519,  0.0004,  0.0000,
      8.3690,  0.0219,  0.0000,
      8.3899,  0.0265,  0.0000,
      8.3955,  0.0228,  0.0000,
      8.4188,  0.0076,  0.0000,
      8.4404,  0.0023,  0.0000,
      8.8800,  0.0099,  0.0000,
      8.9076,  0.0164,  0.0000,
      8.9469,  0.0204,  0.0000,
      9.1530,  0.0018,  0.0000,
      9.1977,  0.0086,  0.0000,
      9.2581,  0.0210,  0.0000,
      9.2951,  0.0685,  0.0000,
      9.3134,  0.0478,  0.0000,
      9.3282,  0.0439,  0.0000,
      9.4303,  0.0007,  0.0000,
      9.4424,  0.0133,  0.0000,
      9.4689,  0.0029,  0.0000,
      9.4820,  0.0022,  0.0000,
      9.5998,  0.0004,  0.0000,
      9.6351,  0.0005,  0.0000,
      9.6656,  0.0003,  0.0000,
      9.7451,  0.0036,  0.0000,
      9.8088,  0.0005,  0.0000,
      9.8433,  0.0003,  0.0000,
     10.0577,  0.0220,  0.0000,
     10.0666,  0.0200,  0.0000,
     10.0867,  0.0198,  0.0000,
