anisole
C(04) is max value at HOMO. Electrophile attack.

HOMO LUMO ENERGIES (EV) =         -9.114  0.350


                (HOMO)    (LUMO)
   Root No.      21        22        23        24        25        26        27        28

                 5 a"      6 a"      7 a"     17 a'      8 a"     18 a'     19 a'     20 a'  

                -9.114     0.350     0.444     2.466     2.831     3.142     3.403     3.533
  
  S   C    1    0.0001    0.0001    0.0003    0.4616   -0.0007   -0.2648    0.1506   -0.0721
  Px  C    1   -0.0265   -0.0047    0.0325   -0.0637    0.0202    0.0884   -0.0487   -0.2910
  Py  C    1   -0.0174   -0.0039    0.0218   -0.2186    0.0156   -0.2285    0.0289   -0.0970
  Pz  C    1   -0.4636   -0.0966    0.5851    0.0157    0.4035    0.0068    0.0002    0.0165

  S   C    2   -0.0003   -0.0005    0.0005   -0.2752    0.0048    0.0582    0.1062    0.4467
  Px  C    2   -0.0205   -0.0246   -0.0190    0.1992   -0.0240   -0.0747    0.1723    0.0043
  Py  C    2   -0.0176   -0.0208   -0.0154   -0.0578   -0.0195   -0.0720    0.0914   -0.0116
  Pz  C    2   -0.3719   -0.4514   -0.3264   -0.0107   -0.4027    0.0063   -0.0125    0.0034

  S   C    3   -0.0000    0.0002    0.0004    0.1369   -0.0011    0.0513   -0.4203   -0.1891
  Px  C    3    0.0097    0.0325   -0.0132   -0.0180    0.0264   -0.0159    0.0609    0.0962
  Py  C    3    0.0079    0.0236   -0.0099   -0.1299    0.0186   -0.0314   -0.1473    0.1445
  Pz  C    3    0.1630    0.5377   -0.2145    0.0089    0.4153    0.0034    0.0016   -0.0146

  S   C    4   -0.0003    0.0000   -0.0003    0.0089    0.0025    0.0707    0.5208   -0.0079
  Px  C    4    0.0306   -0.0032    0.0325   -0.0123   -0.0240   -0.0751   -0.0205    0.1966
  Py  C    4    0.0214   -0.0029    0.0233   -0.0074   -0.0173    0.0422   -0.0999   -0.0145
  Pz  C    4    0.5162   -0.0615    0.5510   -0.0015   -0.4149    0.0015    0.0075   -0.0085

  S   C    5   -0.0002   -0.0003    0.0005    0.0797    0.0016   -0.2449   -0.3191    0.3798
  Px  C    5    0.0156   -0.0278   -0.0218   -0.0760    0.0224    0.0707   -0.1826   -0.0848
  Py  C    5    0.0120   -0.0205   -0.0163   -0.0461    0.0182    0.1047   -0.0581    0.0364
  Pz  C    5    0.2525   -0.4660   -0.3565    0.0092    0.4044   -0.0071    0.0121    0.0003

  S   C    6    0.0007    0.0001   -0.0001   -0.1637    0.0010    0.4852   -0.0177   -0.0340
  Px  C    6   -0.0196    0.0337   -0.0132   -0.1132   -0.0273    0.0239   -0.0320   -0.2194
  Py  C    6   -0.0150    0.0211   -0.0080    0.1017   -0.0161   -0.0953    0.1823   -0.1708
  Pz  C    6   -0.3180    0.5197   -0.1967    0.0002   -0.3852    0.0007   -0.0040    0.0248

--------------------------------------------------------------------------------------------
2-Ethoxynaphthalene
C(02) is max value at HOMO. Electrophile attack.

HOMO LUMO ENERGIES (EV) =         -8.586 -0.405

                (HOMO)    (LUMO)
   Root No.      33        34        35        36        37        38        39        40

                33 A      34 A      35 A      36 A      37 A      38 A      39 A      40 A   

                -8.586    -0.405     0.096     1.099     1.987     2.325     3.011     3.146
  
  S   C    1    0.0002   -0.0011   -0.0011    0.0005   -0.0256    0.4182   -0.2530    0.2232
  Px  C    1   -0.0003    0.0015    0.0034    0.0016    0.0004   -0.0778    0.0815   -0.0882
  Py  C    1    0.0051   -0.0035   -0.0097   -0.0049    0.0356   -0.2210   -0.2117    0.1137
  Pz  C    1    0.3715   -0.2278   -0.4188   -0.1889    0.4300    0.0580    0.0081    0.0158

  S   C    2    0.0047   -0.0010   -0.0028   -0.0024    0.0227   -0.2612    0.0883    0.0647
  Px  C    2   -0.0070    0.0004    0.0029    0.0004   -0.0134    0.1605   -0.0603    0.1671
  Py  C    2    0.0042    0.0047    0.0011    0.0033    0.0039   -0.0779   -0.0575    0.1107
  Pz  C    2    0.4728    0.3973    0.0281    0.3672   -0.2894   -0.0256    0.0158   -0.0322

  S   C    3   -0.0017    0.0009    0.0011    0.0023   -0.0146    0.1538   -0.0266   -0.3654
  Px  C    3    0.0025   -0.0002   -0.0037    0.0015    0.0029   -0.0171   -0.0011    0.0454
  Py  C    3    0.0001   -0.0006    0.0028   -0.0037    0.0133   -0.1284   -0.0645   -0.1190
  Pz  C    3   -0.1134   -0.0566    0.4761   -0.3007    0.0306   -0.0095   -0.0413    0.0555

  S   C    4    0.0004   -0.0008   -0.0002   -0.0004    0.0002    0.0020    0.2000    0.4643
  Px  C    4    0.0002    0.0002    0.0047    0.0037    0.0023   -0.0240   -0.0767    0.0197
  Py  C    4   -0.0006    0.0004   -0.0027   -0.0016   -0.0003    0.0007    0.0527   -0.0400
  Pz  C    4   -0.1885    0.0333   -0.4436   -0.3263   -0.0215    0.0167    0.0428   -0.0547

  S   C    5    0.0000    0.0004   -0.0002    0.0003   -0.0012    0.0672   -0.3249   -0.1880
  Px  C    5    0.0041   -0.0043    0.0004   -0.0042    0.0004   -0.0699    0.0103   -0.2247
  Py  C    5   -0.0055    0.0053    0.0009    0.0051    0.0044   -0.0338    0.0941   -0.0555
  Pz  C    5   -0.3408    0.4432    0.0194    0.4029    0.2669    0.0129   -0.0232    0.0334

  S   C    6   -0.0027    0.0009    0.0046    0.0015   -0.0047   -0.1268    0.4870   -0.1620
  Px  C    6   -0.0040    0.0057   -0.0019    0.0040    0.0089   -0.1062    0.0240   -0.0564
  Py  C    6    0.0054   -0.0069    0.0004   -0.0049   -0.0028    0.0894   -0.0637    0.2066
  Pz  C    6   -0.0491   -0.3259    0.3340   -0.2089   -0.3895   -0.0377    0.0087   -0.0274

  S   O    7    0.0080   -0.0040   -0.0095   -0.0050    0.0321   -0.2314   -0.0393   -0.0029
  Px  O    7   -0.0330    0.0120    0.0242    0.0123   -0.0521    0.2143    0.1531   -0.0666
  Py  O    7    0.0124   -0.0032   -0.0071   -0.0045    0.0401   -0.3985    0.0330   -0.0696
  Pz  O    7   -0.2802    0.0671    0.1197    0.0480   -0.0949   -0.0817   -0.0286    0.0064

  S   C    8   -0.0074    0.0081    0.0135    0.0099   -0.0457    0.2630    0.3015   -0.1078
  Px  C    8   -0.0117    0.0116    0.0249    0.0135   -0.0641    0.3199    0.0611   -0.0310
  Py  C    8   -0.0048    0.0024    0.0009    0.0015    0.0046   -0.0806    0.0203   -0.0434
  Pz  C    8    0.0383    0.0165    0.0068    0.0174   -0.0147   -0.0614   -0.0201    0.0010

  S   C    9    0.0046   -0.0028   -0.0044   -0.0036    0.0202   -0.1665   -0.0985    0.0004
  Px  C    9    0.0061   -0.0011   -0.0013   -0.0004   -0.0032    0.0255   -0.0108    0.0010
  Py  C    9    0.0086   -0.0041   -0.0066   -0.0048    0.0247   -0.1791   -0.1164    0.0160
  Pz  C    9   -0.0032   -0.0007   -0.0018    0.0005   -0.0005    0.0041    0.0044   -0.0024

  S   H   10   -0.0626    0.0141    0.0227    0.0132   -0.0199   -0.0703   -0.1753    0.0716
  S   H   11    0.0614   -0.0167   -0.0268   -0.0178    0.0401   -0.0320   -0.1643    0.0817
  S   H   12    0.0027    0.0000   -0.0034   -0.0006    0.0113   -0.0198   -0.3621    0.0513

  S   C   13    0.0002   -0.0000   -0.0002   -0.0002   -0.0013    0.0126   -0.1533   -0.3029
  Px  C   13   -0.0034    0.0043    0.0006   -0.0042    0.0039   -0.0130    0.0087    0.0625
  Py  C   13    0.0015   -0.0019   -0.0001    0.0018   -0.0005   -0.0028    0.0699    0.1110
  Pz  C   13    0.3305   -0.4114   -0.0556    0.4035   -0.2672   -0.0369   -0.0375    0.0422

  S   H   14   -0.0020    0.0004    0.0000   -0.0003    0.0017   -0.0756    0.1961    0.0735
  S   H   15   -0.0007   -0.0001   -0.0005   -0.0003    0.0008    0.0287   -0.1170   -0.0324

  S   C   16    0.0005   -0.0005   -0.0006   -0.0012    0.0066   -0.0822    0.0394    0.2136
  Px  C   16    0.0017    0.0037    0.0011   -0.0017   -0.0090    0.0731   -0.0015   -0.0920
  Py  C   16   -0.0014   -0.0015   -0.0002    0.0012    0.0032   -0.0271   -0.0236   -0.0229
  Pz  C   16   -0.3667   -0.3989   -0.0317    0.4105    0.2608    0.0328    0.0362   -0.0426

  S   H   17    0.0085    0.0019   -0.0011    0.0022    0.0009   -0.0122    0.0159    0.0018
  S   H   18   -0.0067    0.0025    0.0060    0.0035   -0.0244    0.1762    0.0590   -0.0023
  S   H   19   -0.0066   -0.0024   -0.0017   -0.0029    0.0061   -0.0073    0.0217    0.0049

  S   C   20    0.0000    0.0001   -0.0001    0.0006   -0.0038    0.0474   -0.0222   -0.1093
  Px  C   20    0.0015   -0.0027    0.0031    0.0019    0.0041   -0.0032    0.0096    0.0071
  Py  C   20   -0.0002    0.0008   -0.0012   -0.0014    0.0021   -0.0429   -0.0175    0.0152
  Pz  C   20   -0.1340    0.3030   -0.3397   -0.2262   -0.4112   -0.0436   -0.0344    0.0377

  S   C   21   -0.0001   -0.0000    0.0000    0.0003   -0.0005    0.0038    0.1082    0.1659
  Px  C   21   -0.0038   -0.0025   -0.0040    0.0021   -0.0045    0.0002   -0.0486   -0.0587
  Py  C   21    0.0011    0.0007    0.0010   -0.0007    0.0015   -0.0031    0.0203    0.0254
  Pz  C   21    0.3465    0.2391    0.3890   -0.2007    0.4129    0.0456    0.0345   -0.0384

  S   H   22   -0.0002    0.0001    0.0004   -0.0002    0.0008   -0.0013   -0.0510   -0.1604
  S   H   23    0.0005    0.0000    0.0001   -0.0008    0.0038   -0.0450    0.0140    0.0966
  S   H   24   -0.0000    0.0001    0.0004    0.0001    0.0013   -0.0126    0.0541    0.1849
  S   H   25   -0.0002    0.0001    0.0001   -0.0002    0.0001    0.0021   -0.0889   -0.1427